0	0
513	105
744	131
1042	161
1075	165
1161	174
1273	189
1372	199
1442	206
1646	236
1722	248
1814	259
1914	279
2097	300
2202	310
2339	326
2532	344
2652	357
2737	371
2888	399
2982	406
2924	419
2744	374
3018	456
3129	492
2338	345
2462	364
2525	374
2641	418
2730	435
2763	441
2975	506
3007	509
3101	524
2520	465
2817	504
2169	413
2240	420
1484	238
900	155
994	169
1111	190
1450	238
1581	266
1511	255
1607	271
1748	302
1791	321
1831	326
1902	336
1964	350
2349	373
2473	388
2573	404
2612	411
2633	390
2720	406
2806	423
3084	438
3367	479
3413	485
3251	460
3103	442
2745	415
2711	407
2665	406
2583	405
2485	396
2316	360
1797	322
1670	294
1829	314
1922	333
2252	389
2560	410
2835	446
2924	457
2983	465
3047	473
3093	475
3250	503
3509	543
3484	501
3610	527
3622	526
3800	549
3854	556
3934	565
3777	545
3037	472
2150	371
1767	287
1709	283
1546	247
1567	273
1154	215
1459	237
2419	323
2883	443
2525	401
0	0
229	25
527	55
560	60
646	68
758	84
857	94
926	101
1130	131
1206	143
1299	154
1398	173
1581	194
1687	204
1823	220
2016	238
2136	251
2222	265
2373	294
2467	301
2408	313
2229	268
2503	351
2614	386
1823	239
1946	259
2010	269
2126	312
2215	329
2247	335
2460	400
2492	404
2586	418
2004	359
2302	399
1654	307
1724	314
968	132
385	50
478	63
595	84
934	133
1065	160
995	150
1092	165
1233	196
1276	215
1316	221
1386	231
1448	245
1834	267
1957	282
2058	298
2097	306
2118	285
2205	300
2290	318
2568	333
2851	373
2898	380
2735	354
2588	337
2229	309
2196	302
2149	301
2067	299
1970	291
1801	254
1281	216
1154	188
1314	208
1406	228
1737	283
2044	304
2320	341
2409	352
2467	360
2532	367
2578	370
2735	397
2993	438
2968	395
3095	421
3107	420
3285	444
3339	450
3419	459
3262	439
2521	366
1634	266
1788	276
1859	290
2009	314
2285	375
2840	428
3146	450
4106	536
4569	656
2297	376
2886	437
0	0
298	30
331	35
417	43
529	59
628	69
698	76
901	106
978	118
1070	129
1170	148
1353	169
1458	179
1595	195
1788	213
1908	226
1993	240
2144	269
2238	276
2180	288
2000	243
2274	326
2385	361
1594	214
1718	234
1781	244
1897	287
1986	304
2019	310
2231	375
2263	379
2357	393
1776	334
2073	374
1425	282
1496	289
740	107
156	25
250	38
367	59
706	108
837	136
767	125
863	140
1004	171
1047	190
1087	196
1158	206
1220	220
1605	242
1729	257
1829	273
1868	281
1889	260
1976	275
2062	293
2340	308
2623	348
2669	355
2507	329
2359	312
2001	284
1967	277
1921	276
1839	274
1741	266
1572	229
1053	191
926	163
1085	183
1178	203
1508	258
1816	279
2091	316
2180	327
2239	335
2303	342
2349	345
2506	372
2765	413
2740	370
2866	396
2878	395
3056	419
3110	425
3190	434
3033	414
2293	341
1406	241
1560	251
1630	265
1780	289
2057	350
2611	403
2917	425
3877	511
4341	631
2434	426
3023	487
3254	513
0	0
33	5
119	13
231	28
330	39
400	46
603	76
679	87
772	99
872	118
1055	139
1160	149
1296	165
1489	183
1609	196
1695	210
1846	239
1940	246
1882	258
1702	213
1976	295
2087	331
1296	184
1419	203
1483	213
1599	257
1688	274
1720	280
1933	345
1965	348
2059	363
1717	308
2014	347
1432	284
1503	291
441	77
1532	281
1438	268
1327	257
982	204
1097	215
921	189
822	167
1011	169
988	164
1028	169
1099	179
1161	193
1307	212
1430	227
1531	243
1570	251
1591	230
1678	245
1763	262
2041	278
2324	318
2371	324
2208	299
2061	282
1702	254
1669	247
1623	245
1540	244
1443	236
1274	199
994	165
1186	243
1501	259
1140	229
1339	239
1518	249
1793	285
1882	296
1940	304
2005	312
2051	314
2208	342
2466	382
2441	340
2568	366
2580	365
2758	388
2812	395
2892	404
2735	384
1994	311
1236	222
1820	330
1891	344
2041	368
2317	430
2748	453
3054	474
4014	561
4478	680
2401	421
2990	482
3221	508
1685	328
0	0
86	8
198	24
297	34
367	41
570	71
647	83
739	94
839	113
1022	134
1127	144
1264	160
1457	178
1577	191
1662	206
1813	234
1907	241
1849	253
1669	208
1943	291
2054	326
1263	179
1387	199
1450	209
1566	252
1655	269
1688	276
1900	340
1932	344
2026	358
1684	303
1981	343
1400	279
1470	287
409	72
1499	276
1405	263
1295	252
950	199
1064	210
889	184
790	163
979	165
955	159
995	165
1066	175
1128	189
1274	207
1398	223
1498	238
1537	246
1558	225
1645	240
1731	258
2009	273
2292	313
2338	320
2176	294
2028	277
1670	249
1636	242
1590	241
1508	239
1410	231
1241	194
961	160
1153	238
1468	255
1107	224
1306	234
1485	245
1760	281
1849	292
1908	300
1972	308
2018	310
2175	337
2434	378
2409	336
2535	361
2547	360
2725	384
2779	390
2859	399
2702	379
1962	306
1203	217
1787	326
1858	340
2008	364
2284	425
2716	448
3022	470
3981	556
4445	676
2315	413
2904	474
3135	500
1599	320
1632	325
0	0
112	15
211	26
281	33
485	63
561	74
653	86
753	105
936	126
1041	136
1178	152
1371	170
1491	183
1576	197
1727	226
1821	233
1763	245
1583	200
1857	282
1968	318
1177	171
1301	190
1364	200
1480	244
1569	261
1602	267
1814	332
1846	335
1940	350
1598	295
1895	334
1314	271
1384	278
323	64
1413	268
1320	255
1209	244
864	191
978	202
803	176
704	154
893	156
869	151
909	156
980	166
1042	180
1188	199
1312	214
1412	230
1451	238
1472	217
1559	232
1645	249
1923	265
2206	305
2252	311
2090	286
1942	269
1584	241
1550	234
1504	232
1422	231
1324	223
1155	186
875	152
1067	229
1382	246
1021	216
1220	226
1399	236
1675	272
1763	283
1822	291
1886	299
1932	301
2089	329
2348	369
2323	327
2449	353
2461	352
2640	375
2693	382
2773	391
2616	371
1876	298
1117	209
1701	317
1772	331
1922	355
2198	417
2630	440
2936	461
3895	548
4359	667
1887	321
2476	381
2707	408
1498	331
1531	335
1617	344
0	0
499	102
181	43
384	73
460	85
553	96
653	115
835	137
941	146
1077	163
1270	181
1390	194
1476	208
1627	236
1721	243
1662	256
1483	211
1757	293
1868	329
1077	182
1200	201
1264	211
1380	255
1469	272
1501	278
1714	343
1746	346
1840	360
1498	305
1795	345
1213	282
1284	289
222	75
1012	196
1106	210
1222	231
763	202
878	213
702	186
603	165
792	167
769	162
809	167
879	177
942	191
1088	210
1211	225
1312	240
1351	248
1372	227
1459	243
1544	260
1822	275
2105	316
2152	322
1989	297
1842	279
1483	252
1450	244
1404	243
1321	242
1224	233
1055	197
774	162
967	240
1282	257
920	226
1120	237
1299	247
1574	283
1663	294
1721	302
1786	310
1832	312
1989	340
2247	380
2222	338
2349	364
2361	363
2539	386
2593	393
2673	401
2516	381
1775	309
1017	219
1601	328
1672	342
1822	366
2098	427
2201	348
2507	369
3467	455
3930	575
2431	413
3020	474
3251	500
1715	321
1748	325
1834	334
499	98
0	0
69	7
273	37
349	49
442	60
541	79
724	100
829	110
966	126
1159	144
1279	157
1365	172
1516	200
1610	207
1551	219
1372	174
1646	257
1757	292
966	145
1089	165
1153	175
1269	218
1358	235
1390	242
1603	306
1635	310
1729	324
1387	269
1684	309
1102	245
1173	253
1206	259
1530	268
1436	255
1325	244
980	191
1095	203
919	176
820	158
681	131
658	125
698	131
768	141
831	155
977	173
1100	189
1201	204
1239	212
1261	191
1348	206
1433	224
1711	239
1994	279
2041	286
1878	260
1731	243
1372	215
1339	208
1292	207
1210	205
1113	197
944	160
663	126
1184	230
1170	221
962	211
1008	200
1187	211
1463	247
1552	258
1610	266
1675	274
1721	276
1878	303
2136	344
2111	302
2238	327
2250	326
2428	350
2482	356
2561	365
2405	345
1664	272
906	183
1817	318
1888	332
2038	356
2314	417
2746	440
3052	462
4012	548
4475	668
2362	406
2951	467
3182	493
1646	314
1678	318
1764	327
618	126
1257	303
0	0
204	30
280	42
373	53
472	72
655	93
760	103
897	119
1090	137
1210	150
1295	165
1446	193
1540	200
1482	212
1302	167
1576	250
1687	285
897	138
1020	158
1083	168
1199	211
1288	228
1321	235
1533	299
1565	303
1660	317
1317	262
1614	302
1033	238
1103	246
1137	252
1460	261
1366	248
1256	237
910	184
1025	196
850	169
751	151
612	124
588	118
628	124
699	134
761	148
907	166
1031	182
1131	197
1170	205
1192	184
1278	199
1364	217
1642	232
1925	272
1971	279
1809	253
1661	236
1303	208
1269	201
1223	200
1141	198
1043	190
874	153
594	119
1114	223
1101	214
892	204
939	193
1118	204
1394	240
1482	251
1541	259
1606	267
1651	269
1808	296
2067	337
2042	295
2168	320
2180	319
2359	343
2412	349
2492	358
2336	338
1595	266
837	176
1748	311
1819	325
1969	349
2245	410
2676	433
2982	455
3942	541
4406	661
2785	478
3374	539
3605	565
2069	385
2101	390
2187	398
2300	414
1680	374
1749	381
0	0
76	12
169	23
268	42
451	63
556	73
693	89
886	107
1006	120
1092	135
1243	163
1337	170
1278	182
1098	137
1373	220
1484	255
693	108
816	128
880	138
996	181
1085	198
1117	205
1330	269
1362	273
1456	287
1673	324
1970	364
1565	297
1636	305
1560	323
1883	333
1789	320
1678	309
1333	256
1448	267
1272	241
1174	222
1035	195
992	184
952	178
881	168
819	157
704	136
827	152
928	167
966	175
988	154
1075	169
1160	187
1438	202
1721	242
1768	249
1605	223
1458	206
1099	178
1066	171
1019	170
937	168
840	160
671	123
986	183
1624	294
1462	273
1253	263
1042	198
914	174
1190	210
1279	221
1337	229
1402	237
1448	239
1604	266
1863	307
1838	265
1965	290
1976	289
2155	313
2209	319
2288	328
2132	308
1391	235
1145	226
2171	382
2384	406
2392	420
2668	482
3099	505
3405	527
4365	613
4829	732
2709	466
3298	527
3529	553
1993	373
2025	378
2111	386
2224	402
1604	362
1673	369
1398	278
0	0
93	11
192	30
375	51
480	61
617	77
810	96
930	109
1016	123
1167	151
1261	158
1202	171
1022	126
1297	208
1408	244
617	97
740	116
804	126
920	170
1009	187
1041	193
1254	258
1286	261
1380	275
1597	312
1894	352
1489	285
1560	293
1484	311
1807	321
1713	308
1602	297
1257	244
1372	255
1196	229
1098	210
959	183
916	172
876	166
805	156
743	145
628	124
751	140
852	155
890	163
912	142
999	158
1084	175
1362	190
1645	231
1692	237
1529	212
1382	194
1023	167
989	159
943	158
861	156
763	148
595	112
910	171
1548	282
1386	261
1177	252
966	186
838	162
1114	198
1203	209
1261	217
1326	225
1372	227
1528	255
1787	295
1762	253
1889	278
1900	278
2079	301
2133	308
2212	316
2056	296
1315	224
1069	214
2237	380
2308	394
2316	409
2592	470
3023	493
3329	515
4289	601
4753	721
2616	455
3205	516
3436	542
1900	362
1932	367
2018	375
2131	391
1511	351
1580	358
1305	267
1381	279
0	0
99	19
282	40
388	50
524	66
717	84
837	97
923	112
1074	140
1168	147
1109	159
930	114
1204	197
1315	232
524	85
647	105
711	115
827	158
916	175
948	181
1161	246
1193	250
1287	264
1504	301
1801	341
1396	274
1467	282
1391	300
1714	310
1620	297
1510	286
1164	233
1279	244
1104	218
1005	199
866	172
823	161
783	155
713	145
650	134
535	113
658	129
759	144
798	152
819	131
906	146
991	164
1269	179
1552	219
1599	226
1436	200
1289	183
930	155
897	148
851	147
768	145
671	137
502	100
818	160
1456	271
1293	250
1084	240
873	175
745	151
1021	187
1110	198
1168	206
1233	214
1279	216
1436	243
1694	284
1669	242
1796	267
1808	266
1986	290
2040	296
2120	305
1963	285
1222	212
976	203
2002	359
2215	383
2223	397
2499	459
2930	482
3236	504
4196	590
4660	709
1929	272
2518	333
2749	359
1811	346
1844	351
1930	359
1066	202
1422	335
1491	342
1216	251
1292	263
1385	274
0	0
183	21
288	31
425	47
618	65
738	78
823	93
974	121
1068	128
1010	140
830	95
1104	178
1215	213
425	66
548	86
611	96
738	142
827	159
859	165
1072	230
1104	234
1198	248
20	12
317	51
474	75
545	82
660	105
1055	147
1148	161
1265	182
1076	217
1191	228
1015	202
916	183
777	156
735	145
694	139
624	128
562	118
446	97
569	112
670	128
709	136
720	112
806	127
892	145
1170	160
1453	200
1499	207
1337	181
1189	164
831	136
797	129
751	128
679	129
582	121
413	84
729	144
1367	255
1204	234
995	224
785	159
657	134
932	171
1021	182
1079	190
1144	198
1179	197
1336	224
1606	268
1570	222
1696	248
1708	247
1887	271
1940	277
2020	286
1864	266
1133	196
887	187
1913	343
2126	367
2636	331
2657	357
2244	299
2550	320
3510	407
3973	526
3257	522
3846	582
4077	608
2338	437
2371	442
2456	450
2393	452
1949	426
2018	433
1743	342
1819	353
1912	365
1353	262
0	0
105	10
242	26
435	44
555	57
640	71
791	100
886	107
827	119
647	74
922	157
1032	192
242	45
365	65
428	75
632	125
721	142
754	148
966	213
998	216
1093	230
1347	261
1644	301
1802	325
1872	332
1987	354
2152	385
2058	372
1948	360
1603	308
1717	319
1542	292
1443	274
1304	247
1261	236
1221	230
1151	219
1089	209
973	188
783	150
683	131
644	123
537	91
624	106
709	124
987	139
1270	179
1316	186
1154	160
1007	143
648	115
614	108
568	107
673	130
780	149
938	176
1256	235
1909	331
1746	310
1538	301
1327	235
1199	211
895	176
798	143
855	156
920	164
997	176
1153	203
1389	245
1387	201
1513	227
1525	226
1704	250
1758	256
1837	265
1681	245
909	163
1429	263
2440	434
2511	448
2661	472
2937	533
3571	548
3877	570
4837	656
5300	776
3152	512
3740	572
3972	598
2233	427
2265	432
2351	440
2288	442
1844	416
1913	423
1638	332
1714	343
1807	355
1248	252
1430	280
0	0
137	16
330	34
450	47
535	62
686	90
780	97
722	109
542	64
816	147
927	182
136	35
260	55
323	65
527	115
616	132
649	138
861	203
893	206
987	220
1242	251
1539	291
1697	315
1767	322
1882	344
2047	375
1953	362
1843	350
1497	298
1612	309
1437	283
1338	264
1199	237
1156	226
1116	220
1046	209
983	199
868	178
678	140
578	121
539	113
431	81
518	96
604	114
882	129
1165	169
1211	176
1049	150
901	133
543	105
509	98
463	97
568	120
675	139
833	166
1151	225
1804	321
1641	300
1432	291
1222	225
1094	201
790	166
693	133
750	146
815	154
891	166
1048	193
1284	235
1282	191
1408	217
1420	216
1599	240
1652	246
1732	255
1575	235
804	153
1324	253
2335	424
2406	438
2556	462
2832	523
3466	538
3772	560
4732	646
5195	766
3259	527
3848	588
4079	614
2417	456
2450	461
2535	469
2395	458
2028	445
2097	452
1822	361
1898	373
1991	384
1432	281
1614	309
1719	319
0	0
193	18
313	31
399	45
549	74
644	81
585	93
405	48
680	131
790	166
921	176
798	157
734	147
711	144
800	161
833	167
1006	212
1038	215
1132	230
1349	267
1647	306
1804	330
1874	338
1989	360
2231	404
2138	391
2027	380
1682	327
1796	338
1621	312
1522	293
1383	266
1340	255
1300	249
1230	239
1168	228
1052	207
862	169
762	151
723	142
627	123
382	80
467	98
745	113
1028	153
1074	160
912	134
765	117
406	89
548	107
647	126
752	150
859	168
1017	195
1335	254
1988	350
1825	330
1617	320
1406	255
1278	230
974	195
877	163
934	176
999	184
755	150
911	177
1147	219
1145	175
1272	201
1283	200
1462	224
1516	230
1595	239
1439	219
988	182
1508	282
2519	454
2590	468
2740	492
3016	553
3573	554
3879	576
4839	662
5303	782
3066	509
3655	569
3886	596
2224	438
2257	443
2342	451
2202	439
1835	427
1904	434
1629	343
1705	355
1798	366
1239	263
1421	291
1526	301
755	192
0	0
120	13
206	27
356	56
451	63
392	75
212	30
487	112
597	148
728	158
605	139
541	129
518	126
607	143
640	149
813	194
845	197
939	211
1156	248
1454	288
1611	312
1681	319
1796	341
2038	386
1945	373
1834	362
1489	309
1603	320
1428	294
1329	275
1190	248
1147	237
1107	231
1037	220
975	210
859	189
669	151
569	132
530	124
434	105
189	62
274	79
552	94
835	135
881	141
719	116
572	99
213	71
355	89
454	108
559	131
666	150
824	177
1142	236
1795	332
1632	311
1424	302
1213	236
1085	212
781	177
684	145
741	157
806	165
562	131
718	159
954	201
952	157
1079	183
1090	182
1269	205
1323	212
1402	221
1246	201
795	164
1315	264
2326	435
2397	449
2547	473
2823	534
3380	535
3686	557
4646	643
5110	763
3219	527
3808	588
4039	614
2541	498
2574	503
2660	511
2356	458
2152	487
2222	494
1947	403
2023	415
2115	426
1315	278
1739	351
1844	361
1073	252
1266	270
0	0
86	14
236	43
331	50
272	62
92	17
619	126
730	161
882	200
922	199
859	189
836	186
925	203
957	209
966	212
998	215
1093	230
1309	267
1607	306
1764	330
1834	337
1950	360
2344	402
2438	416
2151	422
1806	369
1921	380
1745	354
1646	335
1507	308
1465	297
1425	291
1354	281
1292	270
1176	249
987	211
886	193
847	184
751	165
506	122
410	89
432	82
715	122
761	128
599	103
452	86
474	104
673	149
772	168
877	192
984	210
1141	237
1459	296
2049	385
1887	364
1678	354
1467	289
1339	264
1037	224
952	213
893	205
828	196
841	168
598	146
834	188
832	144
958	170
970	169
1149	192
1203	199
1282	208
1126	188
839	198
1569	316
2738	483
2808	497
2958	521
3235	582
3533	554
3839	576
4799	662
5263	781
2754	409
3343	470
3574	496
2416	477
2449	482
2535	490
1891	340
2027	466
2096	473
1821	382
1897	393
1990	405
850	160
1613	330
1718	340
947	231
1140	249
687	180
0	0
151	28
259	55
186	48
13	2
91	41
204	57
418	82
551	105
615	115
823	157
731	140
701	134
501	94
534	98
628	112
845	149
1142	189
1299	212
1370	220
1485	242
1879	285
1973	298
2090	319
1681	348
1796	359
1620	332
1521	314
1382	287
1340	276
1299	270
1229	259
1167	249
1051	228
862	190
761	171
722	163
723	131
381	101
299	72
353	89
742	153
1118	225
520	111
373	93
367	89
548	128
646	147
751	170
858	189
1016	216
1334	275
1970	392
1808	372
1599	362
1388	297
1260	272
958	232
876	183
814	212
749	204
734	152
519	154
755	196
753	152
880	178
891	177
1070	200
1124	207
1203	216
1047	196
760	206
1490	324
2659	491
2730	505
3461	468
3482	494
3069	436
3374	458
4334	544
4798	664
2925	416
3514	477
3745	503
2587	484
2620	488
2706	497
2062	347
2198	473
2267	480
1992	388
2068	400
2161	411
1021	167
1784	337
1889	347
1118	238
1311	256
857	187
151	28
0	0
108	27
36	20
164	30
262	48
375	64
589	89
722	112
786	122
994	164
902	147
872	141
672	101
705	105
799	119
1016	156
1313	196
1470	219
1541	227
1656	249
2050	292
2144	305
2261	326
1852	355
1966	366
1791	339
1692	321
1553	294
1510	283
1470	277
1400	266
1338	255
1222	235
1032	197
932	178
893	170
894	138
552	108
470	79
291	78
591	125
967	197
427	94
280	77
538	96
718	135
817	154
922	177
1029	196
1187	223
1505	282
2158	378
1995	357
1787	348
1576	282
1448	258
1144	223
1047	190
1104	203
900	233
905	159
670	182
780	184
714	146
787	161
798	160
977	183
1031	190
1110	199
954	179
911	234
1678	310
2689	481
2760	495
3632	475
3653	501
3239	443
3545	465
4505	551
4969	671
3155	464
3743	524
3975	550
2816	531
2849	536
2935	544
2291	394
2427	520
2497	527
2222	436
2298	448
2391	459
1251	214
2014	384
2119	394
1348	285
1541	303
1087	234
400	85
249	57
0	0
265	67
413	87
491	96
604	112
818	136
952	160
1016	170
1223	211
1131	194
1102	188
902	149
934	152
1028	166
1245	203
1542	243
1700	267
1770	274
1885	296
2280	339
2374	353
2490	374
2081	402
2196	413
2020	387
1921	368
1783	341
1740	330
1700	324
1629	314
1567	303
1451	282
1262	244
1161	226
1123	217
1124	186
781	155
699	127
553	108
484	95
860	167
386	84
534	103
767	143
948	182
1047	201
1152	224
1259	243
1416	270
1734	329
2355	413
2193	393
1984	383
1773	318
1645	293
1343	253
1258	242
1199	234
1134	225
1135	206
907	191
673	154
607	116
748	154
760	153
938	176
992	183
1072	192
915	172
1145	227
1875	345
3044	512
3114	526
3264	550
3882	549
3469	490
3775	512
4735	598
5198	718
2889	397
3478	458
3709	484
2551	464
2584	469
2670	477
2026	327
2162	453
2232	460
1957	369
2033	381
2125	392
985	147
1749	317
1854	327
1083	218
1276	236
822	168
162	47
313	76
421	103
0	0
149	14
226	29
339	45
553	70
687	93
750	103
958	144
866	127
836	121
637	82
669	85
763	99
980	137
1277	176
1434	200
1505	207
1620	229
2015	272
2108	286
2225	307
1816	335
1931	346
1755	320
1656	301
1517	274
1475	263
1435	257
1364	247
1302	236
1186	215
997	177
896	159
857	150
859	119
516	88
434	60
488	85
904	201
1280	273
655	106
508	89
502	76
683	115
781	134
887	158
993	176
1151	203
1469	262
2122	359
1960	338
1751	328
1540	263
1412	238
1109	203
1011	171
1068	184
885	199
870	140
655	149
891	191
888	147
1015	173
1027	172
1205	195
1259	202
1339	211
1182	191
895	201
1643	290
2654	462
2724	476
3596	456
3617	482
3204	424
3510	445
4470	531
4933	651
2741	378
3330	439
3561	465
2403	446
2435	450
2521	459
1877	309
2014	435
2083	442
1808	350
1884	362
1977	373
837	129
1600	299
1705	309
934	199
1127	218
673	149
13	2
164	30
272	57
200	50
0	0
77	10
190	26
404	51
538	74
602	84
809	126
718	108
688	103
488	63
520	66
614	81
831	118
1129	157
1286	181
1356	189
1471	211
1866	254
1960	267
2076	288
1667	316
1782	328
1606	301
1508	283
1369	256
1326	245
1286	239
1215	228
1153	217
1038	197
848	158
748	140
709	132
710	100
367	70
286	41
340	64
755	155
1131	227
507	86
359	69
353	58
534	96
633	115
738	139
845	158
1002	185
1320	244
1974	340
1811	319
1602	310
1392	244
1264	220
960	185
863	152
920	165
736	179
721	121
506	129
742	171
740	127
866	153
878	152
1056	175
1110	182
1190	191
1033	171
747	181
1494	272
2505	443
2576	457
3448	437
3469	463
3055	405
3361	427
4321	513
4785	633
2661	363
3250	424
3481	450
2323	431
2356	435
2442	444
1798	294
1934	420
2003	427
1728	335
1804	347
1897	358
757	114
1520	284
1625	294
854	184
1047	203
593	137
540	121
691	150
785	156
716	144
527	100
0	0
111	11
325	36
458	59
522	69
730	111
638	93
608	88
408	48
441	51
535	66
752	103
1049	142
1206	166
1277	174
1392	196
1786	239
1880	252
1997	273
1588	301
1702	313
1527	286
1428	268
1289	241
1246	230
1206	224
1136	213
1074	202
958	182
768	143
668	125
629	117
630	85
288	55
206	30
442	81
725	121
772	128
609	102
462	85
274	46
454	81
553	100
658	124
765	143
923	170
1241	229
1894	325
1731	304
1523	295
1312	229
1184	205
880	170
783	137
840	150
905	158
641	109
590	140
826	182
842	144
969	169
981	168
1159	192
1213	198
1293	207
1136	187
894	157
1414	257
2425	428
2496	442
3368	422
3389	448
2975	390
3281	412
4241	498
4705	618
2550	352
3139	413
3370	439
2212	420
2245	424
2331	433
1687	283
1823	408
1893	415
1618	324
1694	336
1786	347
646	103
1410	273
1515	283
744	173
937	192
1059	195
596	152
747	181
841	188
772	175
583	132
475	94
0	0
214	25
348	48
411	58
619	100
527	82
497	77
298	37
330	40
424	55
641	92
938	131
1095	155
1166	163
1281	185
1676	228
1769	241
1886	262
1477	290
1592	302
1416	275
1317	257
1178	230
1136	218
1096	212
1025	202
963	191
847	171
658	132
557	114
518	105
520	74
177	43
262	61
498	112
781	153
828	159
665	134
518	116
201	52
344	70
442	89
548	113
654	131
812	159
1130	218
1783	314
1621	293
1412	283
1201	218
1073	194
770	159
672	126
729	139
794	147
550	113
646	171
882	214
898	175
1025	200
1037	200
1215	223
1269	230
1349	238
1192	218
783	146
1304	246
2314	417
2385	431
3257	411
3278	437
2865	379
3171	401
4131	487
4594	607
2336	327
2925	388
3156	414
2096	392
2129	396
2215	405
1473	258
1707	381
1777	388
1502	296
1578	308
1670	319
432	78
1294	245
1399	255
27	34
220	52
340	65
426	79
577	107
671	115
612	127
433	82
845	144
956	180
0	0
123	19
187	29
405	75
313	57
283	52
84	12
116	15
210	30
427	67
724	106
881	130
952	138
1067	160
1462	203
1555	216
1672	237
1361	263
1476	274
1300	247
1201	229
1062	202
1020	191
980	185
909	174
847	163
731	143
542	105
441	86
402	78
295	46
539	89
633	111
772	146
1055	187
1102	193
939	168
792	150
572	103
373	63
326	61
432	85
538	104
696	131
1014	190
1667	286
1505	265
1296	256
1085	190
957	166
654	131
556	98
613	111
678	119
710	125
906	154
1140	189
1172	209
1382	220
1432	227
1610	250
1664	257
1744	266
1587	246
668	118
1188	218
2199	389
2269	403
3043	386
3064	412
2651	354
2957	376
3917	462
4380	582
2461	370
3050	431
3281	457
1973	372
2006	377
2092	385
1598	301
1584	361
1654	368
1378	277
1454	289
1547	300
557	121
1171	225
1276	235
150	53
343	71
464	84
549	99
700	127
794	134
736	146
556	101
722	125
833	160
123	19
0	0
64	10
267	60
357	77
389	83
208	55
240	58
335	73
551	110
849	149
1006	173
1076	181
1191	203
1586	246
1680	259
1797	280
1238	243
1353	254
1177	228
1078	209
939	182
897	171
857	165
786	155
724	144
608	123
419	85
318	67
279	58
172	26
416	69
510	92
746	143
1029	184
1075	190
913	164
765	147
449	83
249	43
203	42
309	65
415	84
573	111
891	170
1544	266
1382	246
1173	236
962	171
834	146
531	111
433	79
490	92
555	100
587	105
783	135
1017	170
1082	193
1259	201
1309	207
1487	231
1541	237
1621	246
1464	226
544	98
1065	198
2075	370
2146	384
2296	408
2573	469
2775	397
3081	419
4041	505
4505	625
2525	380
3113	441
3345	467
1909	362
1942	367
2028	375
1661	311
1521	351
1590	358
1315	267
1391	279
1484	290
621	131
1107	215
1212	225
214	63
407	81
527	94
613	109
764	137
858	144
799	156
619	111
659	115
769	150
187	29
64	10
0	0
204	50
293	67
325	73
272	65
304	68
398	83
615	120
912	159
1070	183
1140	191
1255	213
1650	256
1744	269
1519	286
1174	233
1289	244
1113	218
1014	199
876	172
833	161
793	155
722	145
660	134
544	113
355	75
255	57
216	48
108	16
353	59
446	82
682	133
965	174
1011	180
849	155
702	137
385	73
186	33
140	32
245	56
352	74
509	101
827	160
1481	256
1318	236
1109	226
898	161
771	136
467	101
370	69
427	82
492	90
524	95
719	125
953	160
1019	183
1195	191
1245	197
1423	221
1477	227
1557	236
1400	216
481	88
1001	188
2012	360
2083	374
2232	398
2509	459
2839	407
3145	429
4105	515
4568	635
2587	403
3176	464
3407	490
1723	324
1756	329
1842	337
1723	334
1334	313
1403	320
1128	229
1204	241
1297	252
738	149
920	178
1025	187
418	107
611	125
625	142
711	156
861	185
956	192
932	201
743	157
636	120
746	155
391	73
267	54
204	44
0	0
89	17
122	23
334	88
366	91
460	106
677	143
974	182
1132	206
1202	214
1317	236
1537	272
1444	259
1333	248
988	195
1102	206
927	180
828	161
689	135
646	123
606	117
536	107
474	96
358	75
168	37
68	19
29	10
85	22
330	64
423	87
659	138
942	178
988	185
826	159
679	142
362	78
163	38
64	15
58	18
165	36
323	64
641	123
1192	234
1116	215
907	205
697	140
569	115
280	64
294	56
351	69
416	77
448	83
644	112
877	147
943	170
1120	178
1169	185
1348	208
1402	215
1481	223
1325	203
405	76
799	167
1825	322
1896	336
2046	360
2322	421
2901	430
3207	452
4167	538
4630	658
2495	386
3084	446
3315	472
1812	341
1845	346
1931	354
1632	316
1423	330
1493	337
1218	246
1294	258
1386	269
591	136
1010	194
1115	204
507	124
700	142
714	159
800	173
951	202
1045	209
1022	218
833	174
725	136
836	172
480	90
357	71
293	61
89	17
0	0
30	6
242	71
275	74
369	88
585	125
883	165
1040	189
1111	196
1226	218
1620	261
1714	275
1422	265
1077	212
1192	223
1016	197
917	178
778	152
736	140
696	134
625	124
563	113
447	92
258	54
157	36
118	27
174	38
419	81
512	104
748	155
1031	195
1078	202
915	176
768	159
451	95
252	55
153	32
148	35
254	53
412	81
730	140
1281	251
1205	232
997	222
786	157
658	132
370	81
383	73
440	86
505	94
537	100
733	129
967	164
1032	187
1209	195
1259	202
1437	225
1491	232
1571	240
1414	220
494	93
888	184
1914	339
1985	353
2135	377
2412	438
2809	412
3115	434
4075	520
4539	640
2465	380
3054	441
3285	467
1844	348
1877	352
1963	361
1602	311
1456	337
1525	343
1250	252
1326	264
1419	275
561	131
1042	201
1147	211
539	130
732	148
747	165
832	180
983	208
1077	215
1054	224
865	180
757	143
868	178
512	96
389	77
325	67
122	23
30	6
0	0
212	65
245	68
339	83
556	120
853	159
1010	183
1081	190
1196	213
1590	255
1684	269
1454	271
1109	218
1224	230
1048	203
950	185
811	158
768	147
728	141
657	130
595	119
479	99
290	60
190	42
151	34
206	45
451	87
545	110
780	161
1063	201
1110	208
948	182
800	165
484	101
284	61
186	38
180	41
287	60
444	87
762	146
1313	257
1238	238
1029	228
818	163
690	138
402	87
416	79
473	92
537	100
570	106
765	135
999	170
1065	193
1241	201
1291	208
1469	231
1523	238
1603	247
1446	227
527	99
921	191
1947	345
2018	359
2168	383
2444	444
2780	407
3085	429
4045	515
4509	634
2253	315
2842	376
3073	402
2134	395
2167	399
2253	408
1389	246
1745	384
1815	391
1540	299
1616	311
1708	322
349	66
1991	363
2096	373
1462	290
1655	308
1669	325
1754	339
1905	368
1999	375
1976	384
1787	340
1680	303
1790	338
1434	256
1311	237
1248	227
1061	191
1150	208
1183	214
0	0
32	3
126	18
343	55
640	94
798	118
868	126
983	148
1378	191
1472	204
1588	225
1399	266
1514	277
1338	250
1239	232
1210	204
1058	194
1018	188
947	177
885	167
769	146
893	161
993	177
1032	185
1128	205
1373	247
1467	270
1703	321
1986	361
2032	368
1870	342
1722	325
1406	261
1207	221
1108	198
1003	178
905	170
736	133
1052	193
1690	303
1527	283
1319	273
1108	208
980	183
1256	220
1344	230
1403	238
1467	246
1500	252
1695	282
1929	316
1995	340
2171	347
2221	354
2399	378
2453	384
2533	393
2376	373
1457	245
1210	235
2237	392
2449	416
2959	374
2980	400
2567	342
2873	364
3833	450
4296	570
2220	312
2809	372
3040	399
2102	392
2135	396
2221	405
1357	242
1713	380
1782	387
1507	296
1583	308
1676	319
316	62
1959	359
2064	369
1429	287
1622	305
1637	322
1722	336
1873	364
1967	371
1944	381
1755	337
1647	299
1758	335
1402	253
1279	233
1215	223
1029	188
1118	205
1150	211
1363	276
0	0
94	14
311	51
608	91
765	115
836	122
951	144
1346	187
1439	201
1556	222
1367	262
1482	274
1306	247
1207	229
1178	201
1026	190
985	184
915	174
853	163
737	143
860	158
961	173
1000	181
1096	201
1341	244
1435	266
1671	317
1953	358
2000	364
1838	339
1690	322
1374	258
1174	218
1076	194
970	175
873	166
704	130
1020	190
1658	300
1495	279
1286	270
1076	204
948	180
1223	216
1312	227
1370	235
1435	243
1467	249
1663	278
1897	313
1962	336
2139	344
2189	351
2367	374
2421	381
2501	389
2344	370
1424	242
1178	232
2204	389
2417	413
2927	371
2948	397
2535	338
2841	360
3801	446
4264	566
2126	297
2715	358
2946	384
2008	377
2041	382
2126	390
1263	228
1619	366
1688	373
1413	282
1489	294
1582	305
222	48
1864	345
1970	355
1335	272
1528	291
1542	307
1628	322
1779	350
1873	357
1850	366
1661	323
1553	285
1664	320
1308	239
1185	219
1121	209
935	173
1024	190
1056	197
1269	261
1301	265
0	0
217	37
514	77
671	100
742	108
857	130
1251	173
1345	186
1462	207
1273	248
1387	259
1212	233
1113	214
1084	187
931	176
891	170
821	160
759	149
643	128
766	144
867	159
906	167
1002	187
1247	229
1340	252
1576	303
1859	344
1906	350
1743	325
1596	307
1279	243
1080	203
982	180
876	160
779	152
610	115
926	175
1564	286
1401	265
1192	255
982	190
854	166
1129	202
1218	213
1276	221
1341	229
1373	235
1569	264
1802	299
1868	322
2045	330
2095	336
2273	360
2327	366
2406	375
2250	355
1330	227
1084	218
2110	374
2323	398
2833	356
2854	382
2441	324
2747	346
3706	432
4170	552
1909	260
2498	321
2729	347
1901	343
1934	347
2019	356
1046	191
1512	331
1581	338
1372	257
1448	269
1541	280
1462	285
1645	313
1750	323
1887	339
2080	358
2200	370
2285	385
2436	413
2530	420
2472	433
2292	388
1993	369
2104	405
1748	323
1625	304
1561	294
1374	258
1464	275
1496	281
1708	346
1741	349
1835	364
0	0
297	40
454	63
525	71
640	93
1035	136
1128	149
1245	170
1584	219
1280	225
1105	198
1006	180
867	150
728	141
768	146
839	156
901	170
1017	194
1206	228
1306	244
1345	252
1442	271
1687	314
1780	337
2016	388
2299	428
2346	435
2183	409
2036	392
1719	328
1520	288
1421	265
1316	245
1218	237
1050	199
734	141
1369	252
1241	236
1032	227
1079	216
1207	235
1505	272
1594	283
1653	291
1717	299
1749	305
1945	334
2179	369
2244	392
2421	400
2471	407
2649	430
2703	437
2783	446
2626	426
1707	298
976	199
2003	340
2074	354
2616	319
2637	345
2224	287
2530	309
3490	395
3953	515
1612	221
2201	281
2432	308
1604	303
1636	308
1722	316
749	151
1215	292
1284	299
1075	217
1151	229
1244	241
1165	246
1348	274
1453	284
1590	300
1783	318
1903	331
1988	345
2139	374
2233	381
2175	393
1995	348
1696	330
1806	366
1451	284
1327	264
1264	254
1077	218
1167	235
1199	242
1411	307
1443	310
1538	324
1160	245
0	0
157	24
228	31
343	53
737	96
831	110
948	131
1287	179
983	185
807	159
709	140
570	110
431	101
471	107
541	117
604	131
719	154
909	189
1009	204
1048	212
1144	232
1389	274
1483	297
1719	348
2002	389
2048	395
1886	370
1739	352
1422	289
1223	248
1124	225
1019	205
921	197
752	159
436	102
1072	212
944	197
735	187
782	176
909	195
1208	233
1297	244
1355	252
1420	260
1452	266
1648	295
1881	330
1947	353
2124	361
2174	368
2352	391
2406	398
2485	406
2329	386
1409	259
679	159
1706	300
1777	314
2319	280
2340	306
1927	248
2233	269
3192	355
3656	475
1455	197
2044	258
2275	284
1462	286
1494	290
1580	299
592	128
1792	324
1861	331
1216	262
1292	274
1385	285
1484	304
1667	325
1772	335
1909	351
2102	369
2222	382
2308	397
2458	425
2553	432
2494	444
2314	399
2018	401
2129	437
1773	355
1650	336
1586	326
1399	290
1489	307
1521	313
1733	378
1766	381
1860	396
1482	317
1779	356
0	0
71	7
186	30
580	73
674	86
791	107
1130	156
841	168
666	141
567	120
710	153
753	173
793	178
864	188
926	202
1042	226
1231	260
1331	276
1370	283
1467	303
1712	346
1805	368
2041	420
2324	460
2371	466
2208	441
2061	424
1744	360
1545	320
1446	296
1341	277
1243	269
1075	231
759	173
930	195
1090	216
884	181
1104	255
1303	283
1579	320
1668	330
1726	339
1791	346
1823	352
2019	382
2252	416
2318	440
2495	448
2544	454
2723	478
2777	484
2856	493
2700	473
1780	345
1001	238
1564	283
1635	297
2162	256
2183	282
1769	224
2075	246
3035	332
3499	451
1384	190
1973	250
2204	276
1391	278
1424	283
1510	291
521	120
1721	317
1791	324
1145	254
1221	266
1314	277
1414	296
1596	318
1702	328
1838	344
2031	362
2151	375
2237	389
2388	417
2482	424
2423	437
2244	392
1947	394
2058	429
1702	348
1579	328
1515	318
1329	282
1418	299
1450	306
1663	370
1695	374
1789	388
1411	309
1709	349
1061	257
0	0
115	22
510	65
603	79
720	99
1059	148
771	160
595	134
496	112
640	146
682	165
723	171
793	180
855	195
971	218
1160	253
1261	268
1300	276
1396	296
1641	338
1735	361
1971	412
2254	453
2300	459
2138	434
1990	416
1674	353
1474	312
1376	289
1271	269
1173	261
1004	223
688	166
860	188
1020	208
813	174
1033	247
1233	276
1508	312
1597	323
1656	331
1720	339
1752	345
1948	374
2182	409
2247	432
2424	440
2474	447
2652	470
2706	477
2786	485
2629	465
1710	338
931	230
1494	276
1564	290
2091	248
2112	275
1699	216
2005	238
2965	324
3428	444
1481	230
2070	291
2301	317
1276	256
1309	261
1395	269
617	141
120	51
190	58
393	88
469	100
562	111
662	130
845	151
950	161
1086	177
1279	195
1399	208
1485	222
1636	251
1730	258
1671	270
1492	225
1766	308
1877	343
1086	196
1209	216
1273	226
1214	260
1303	277
1335	283
1548	348
1580	352
1674	366
1296	287
1594	326
946	235
1016	242
0	0
606	106
700	119
816	140
541	127
656	138
480	112
381	90
525	124
567	143
608	149
678	158
740	173
856	196
1045	230
1146	246
1185	254
1381	242
1468	257
1553	275
1831	290
2114	330
2161	337
1998	311
1851	294
1492	266
1459	259
1261	267
1155	247
1058	239
889	201
573	144
745	166
904	186
698	152
918	225
1118	254
1393	290
1482	301
1541	309
1605	317
1637	323
1833	352
2067	387
2231	352
2358	378
2370	377
2548	401
2602	407
2682	416
2525	396
1595	316
816	208
1378	253
1449	268
1599	291
2208	315
1795	257
2101	279
3061	365
3524	485
902	145
1491	206
1722	232
185	52
218	57
304	65
417	81
516	91
585	98
789	128
865	140
958	151
1057	170
1240	191
1345	201
1482	217
1675	235
1795	248
1881	262
2031	291
2126	298
2067	310
1887	265
2162	348
2272	383
1482	236
1605	256
1668	266
1537	283
1627	300
1659	306
1871	371
1904	374
1998	389
1620	310
1917	349
1269	257
1340	265
627	129
0	0
94	14
211	34
550	83
681	111
611	100
707	115
848	146
891	166
931	171
1002	181
1064	195
1180	219
1369	253
1469	269
1508	276
1777	282
1864	297
1949	315
2227	330
2510	370
2556	377
2394	351
2247	334
1888	306
1683	313
1584	289
1479	270
1381	262
1212	224
897	166
770	138
929	159
1022	178
1352	233
1480	252
1779	290
1867	301
1926	309
1991	317
2023	323
2218	352
2452	387
2627	392
2694	418
2744	425
2922	448
2976	455
3056	463
2899	443
1980	316
1250	216
1404	226
1474	240
1609	204
1630	230
1216	172
1522	194
2482	280
2946	400
996	158
1585	219
1816	245
279	65
312	70
398	78
510	94
609	104
679	111
883	141
959	153
1051	164
1151	183
1334	204
1439	214
1576	230
1769	248
1889	261
1974	275
2125	304
2219	311
2161	323
1981	278
2255	361
2366	396
1575	249
1699	269
1762	279
1444	269
1533	286
1565	293
1778	357
1810	361
1904	375
1526	296
1823	336
1175	244
1246	251
721	142
94	13
0	0
117	21
456	70
587	97
517	87
613	102
754	133
797	152
837	158
908	167
970	182
1086	205
1275	240
1376	255
1414	263
1511	283
1957	310
2043	328
2321	343
2604	383
2650	390
2488	364
2340	347
1982	319
1589	299
1490	276
1385	256
1288	248
1119	210
803	153
676	125
836	145
928	165
1258	220
1386	239
1685	276
1773	287
1832	295
1897	303
1929	309
2124	338
2358	373
2424	396
2600	404
2650	411
2829	434
2882	441
2962	450
2806	430
1886	302
1156	203
1310	213
1380	227
1530	251
1723	243
1310	185
1616	207
2576	293
3039	413
1112	183
1701	244
1932	270
396	90
429	95
515	103
627	119
726	129
796	136
999	166
1075	178
1168	189
1268	208
1451	229
1556	239
1692	255
1885	273
2005	286
2091	300
2242	329
2336	336
2278	348
2098	303
1951	368
2062	403
1692	274
1815	294
1519	292
1333	256
1422	273
1454	279
1667	344
1699	347
1793	362
1415	283
1712	322
1065	231
1135	238
837	167
211	38
117	25
0	0
345	56
476	84
406	73
502	89
644	120
686	139
726	144
797	154
859	168
975	192
1164	226
1265	242
1304	250
1400	269
1645	312
1738	335
2437	368
2720	408
2767	415
2604	389
2457	372
1677	326
1478	286
1380	263
1274	243
1177	235
1008	197
692	140
565	111
725	132
817	151
1147	206
1275	226
1574	263
1663	274
1721	282
1786	290
1818	296
2014	325
2247	360
2313	383
2490	391
2539	398
2718	421
2772	428
2851	436
2695	416
1775	289
1045	189
1199	199
1270	213
1420	237
1696	298
1427	210
1733	232
2693	318
3156	438
1452	222
2041	283
2272	309
735	129
768	134
854	142
966	158
1065	168
1135	175
804	172
880	184
973	195
1072	214
1255	235
1360	245
1497	261
1690	279
1810	292
1896	306
2047	335
2141	342
2082	354
1902	309
1606	311
1717	347
1361	265
1238	245
1174	236
988	200
1077	217
1109	223
1322	288
1354	291
1448	305
1070	226
1367	266
720	174
790	182
541	133
550	77
456	64
345	53
0	0
131	28
61	17
157	32
298	63
341	82
381	88
452	98
514	112
630	136
819	170
920	185
959	193
1055	213
1300	256
1393	278
1629	329
1912	370
1959	376
1796	351
1649	334
1332	270
1133	230
1034	206
929	187
832	178
663	141
347	83
220	55
380	76
472	95
802	150
930	169
1229	207
1317	218
1376	226
1441	234
1473	239
1668	269
1902	304
1968	327
2144	335
2194	341
2373	365
2427	371
2506	380
2350	360
1430	232
700	133
854	143
925	157
1074	181
1351	242
1766	249
2072	271
3032	357
3495	477
1583	245
2172	306
2403	332
866	153
899	157
985	166
1097	181
1196	191
1266	198
919	180
995	192
1088	203
1187	222
1370	243
1475	253
1612	269
1805	288
1925	300
2011	315
2161	343
2256	350
2197	363
2017	318
1721	320
1832	355
1476	273
1353	254
1289	244
1102	208
1192	225
1224	231
1436	296
1469	300
1563	314
1185	235
1482	274
834	183
905	190
656	141
681	100
587	87
476	76
131	23
0	0
176	25
272	41
413	72
456	91
496	96
567	106
629	120
745	144
934	178
1034	194
1073	202
1170	222
1415	264
1508	287
1744	338
2174	365
2223	381
2058	340
1764	342
1447	278
1248	238
1149	215
1044	195
946	187
778	149
462	92
89	27
249	48
474	79
671	122
799	142
1098	179
1186	190
1245	198
1310	206
1342	212
1537	241
1771	276
1837	299
2013	307
2063	314
2242	337
2296	344
2375	352
2219	332
1299	205
569	105
723	115
793	129
943	153
1220	214
1897	272
2203	294
3163	380
3626	500
1512	237
2101	298
2332	324
796	144
829	149
915	157
1027	173
600	167
670	174
743	155
819	167
912	178
1011	197
1194	218
1299	228
1436	244
1629	262
1749	275
1835	289
1986	318
2080	325
2021	337
1841	292
1545	294
1656	330
1300	248
1177	228
1113	218
927	183
1016	200
1048	206
1261	271
1293	274
1387	288
1009	209
1306	249
659	157
729	165
480	116
611	92
517	79
406	68
61	15
176	26
0	0
96	15
238	46
280	65
320	71
391	81
453	95
569	118
758	153
859	168
898	176
994	196
1239	239
1332	261
1568	312
1851	353
1898	359
1735	334
1588	316
1271	253
1072	213
974	189
868	169
771	161
602	124
286	66
265	54
424	74
411	78
847	149
975	168
1274	206
1362	216
1421	224
1485	232
1518	238
1713	268
1947	302
2013	326
2189	333
2239	340
2417	364
2471	370
2551	379
2394	359
1475	231
744	132
898	142
969	156
1119	180
1396	241
1827	264
2133	286
3093	372
3556	492
1609	253
2198	313
2429	339
893	160
925	164
1011	173
1124	188
501	145
571	152
644	135
720	147
813	158
913	178
1096	199
1201	209
1337	225
1530	243
1650	256
1736	270
1887	298
1981	305
1923	318
1743	273
1446	275
1557	310
1201	229
1078	209
1014	199
828	163
917	180
950	187
1162	251
1194	255
1288	269
910	190
1208	230
560	138
630	145
381	94
707	107
613	95
502	83
157	30
272	42
96	15
0	0
139	27
181	46
222	52
292	61
354	76
470	99
660	134
760	149
799	157
895	177
1140	219
1234	242
1470	293
1753	334
1799	340
1637	315
1489	297
1173	234
973	193
875	170
770	150
672	142
503	104
187	47
361	69
521	90
315	56
532	128
732	157
1008	193
1096	204
1155	212
1219	220
1252	226
1447	255
1681	290
1747	313
1923	321
1973	328
2151	351
2205	358
2285	366
2128	346
1209	219
430	111
995	157
1066	171
1216	195
1492	256
1923	279
2229	301
3189	387
3653	507
1750	280
2339	341
2570	367
1034	187
1066	192
1152	200
1265	216
645	176
714	183
505	102
581	114
674	125
774	144
957	166
1062	175
1199	192
1392	210
1512	223
1597	237
1748	265
1842	272
1784	285
1604	240
1308	242
1418	277
1062	196
939	176
876	166
689	130
778	147
811	153
1023	218
1055	222
1150	236
772	157
1069	196
421	109
492	117
525	125
848	135
754	122
644	111
298	58
413	69
238	43
139	24
0	0
43	13
83	19
153	28
216	43
331	66
521	100
621	116
660	124
756	144
1001	186
1095	209
1331	260
1614	301
1660	307
1498	282
1350	264
1034	200
835	160
736	137
631	117
533	109
364	71
48	14
502	97
662	117
456	82
393	95
593	124
869	160
957	171
1016	179
1081	187
1113	193
1308	222
1542	257
1608	280
1784	288
1834	295
2013	318
2066	325
2146	333
1989	313
1070	186
291	78
1136	185
1207	199
1357	223
1633	284
2065	307
2370	329
3330	415
3794	535
1793	294
2382	355
2613	381
1076	201
1109	206
1195	214
1307	229
688	190
757	197
482	106
558	117
651	129
735	144
917	173
1022	183
1159	199
1352	217
1472	230
1557	244
1708	272
1802	279
1744	292
1564	247
1265	229
1376	264
1020	183
897	163
833	153
646	117
736	134
768	140
980	205
1013	209
1107	223
729	144
1026	183
573	113
643	121
567	139
891	149
797	136
686	125
341	72
456	83
280	57
181	38
43	11
0	0
40	6
111	15
173	30
289	53
478	87
578	103
617	111
714	131
959	173
1052	196
1288	247
1571	288
1618	294
1455	268
1308	251
991	187
792	147
693	124
588	104
490	96
322	58
6	1
545	110
532	111
498	96
370	90
550	111
826	147
915	158
973	166
1038	174
1070	180
1266	209
1499	244
1565	267
1742	275
1791	282
1970	305
2024	312
2103	320
1947	300
1027	173
267	73
1179	198
1250	212
1399	236
1676	297
2107	321
2413	342
3373	428
3837	548
1833	300
2422	361
2653	387
1117	207
1149	212
1235	220
1348	235
728	196
797	203
522	112
598	124
691	135
694	139
877	167
982	177
1119	193
1312	211
1432	224
1517	238
1668	267
1762	274
1704	286
1524	241
1225	223
1335	259
980	177
857	157
793	148
606	112
696	129
728	135
940	200
973	203
1067	217
689	138
986	178
613	119
684	127
608	145
931	155
837	142
726	131
381	78
496	89
320	63
222	44
83	17
40	6
0	0
71	10
133	24
248	48
438	82
538	97
577	105
674	125
919	168
1012	190
1248	241
1531	282
1577	288
1415	263
1268	246
951	182
752	142
653	118
548	99
450	90
281	53
34	5
585	116
572	117
539	102
410	96
510	105
786	141
874	152
933	160
998	168
1030	174
1226	203
1459	238
1525	261
1701	269
1751	276
1930	299
1984	306
2063	315
1907	295
987	167
307	79
1219	204
1290	218
1440	242
1716	303
2147	327
2453	348
3413	435
3877	554
1903	310
2492	371
2723	397
1187	218
1220	222
1306	231
1418	246
798	207
868	214
592	122
668	134
761	145
624	129
806	157
911	167
1048	183
1241	201
1361	214
1447	229
1598	257
1692	264
1633	277
1453	232
1154	213
1265	249
909	167
786	148
722	138
536	102
625	119
657	125
870	190
902	193
996	208
618	129
915	168
684	130
754	137
678	156
1002	165
908	152
797	141
452	88
567	100
391	73
292	55
153	28
111	17
71	11
0	0
62	14
178	38
367	72
468	88
507	96
603	115
848	158
941	180
1177	232
1460	272
1507	279
1344	253
1197	236
880	172
681	132
583	109
477	89
380	81
211	43
105	16
656	127
642	128
609	112
480	107
440	95
715	132
804	142
862	151
927	158
959	164
1155	194
1389	229
1454	252
1631	260
1681	266
1859	290
1913	296
1993	305
1836	285
916	157
378	90
1289	215
1360	229
1510	253
1787	314
2218	337
2524	359
3484	445
3947	565
1966	321
2555	382
2786	408
1249	228
1282	233
1368	241
1480	257
860	217
930	224
655	133
731	145
824	156
562	115
744	143
849	153
986	169
1179	187
1299	200
1385	214
1535	243
1630	250
1571	262
1391	217
1092	199
1203	235
847	153
724	133
660	123
474	88
563	105
595	111
808	176
840	179
934	193
556	114
853	154
746	140
816	148
740	166
1064	176
970	163
859	152
514	99
629	110
453	84
354	65
216	38
173	27
133	21
62	11
0	0
116	23
305	58
406	73
444	81
541	101
786	144
879	166
1115	217
1398	258
1445	264
1282	239
1135	221
818	158
619	118
520	94
415	74
318	66
149	29
167	26
718	138
705	138
671	123
505	105
378	81
653	117
742	128
800	136
865	144
897	150
1093	179
1326	214
1392	237
1569	245
1619	252
1797	275
1851	282
1930	291
1774	271
854	143
440	101
1352	226
1422	240
1572	264
1849	325
2280	348
2586	370
3546	456
4009	576
2081	342
2670	402
2901	429
1365	249
1398	254
1484	262
1596	277
976	238
1046	245
770	154
846	165
939	177
446	91
628	119
733	129
870	145
1063	164
1183	177
1269	191
1420	219
1514	226
1455	239
1275	194
976	176
1087	211
731	129
608	110
544	100
358	64
447	81
479	87
692	152
724	156
818	170
440	91
738	130
895	154
965	162
856	187
1180	197
1086	184
975	172
630	120
745	131
569	104
470	86
331	59
289	48
248	42
178	31
116	21
0	0
189	34
290	50
329	58
425	78
670	120
764	143
1000	194
1282	234
1329	241
1167	215
1019	198
703	134
503	94
405	71
299	51
202	43
33	5
283	47
834	158
809	157
787	144
390	82
262	58
537	94
626	105
685	113
749	121
781	127
977	156
1211	191
1276	214
1453	222
1503	229
1681	252
1735	258
1815	267
1658	247
739	120
492	110
1467	246
1538	260
1688	284
1964	345
2396	369
2702	390
3662	476
4125	596
2473	372
3062	433
3293	459
1554	287
1587	292
1673	300
1610	303
1166	276
1235	283
960	192
1036	204
1129	215
569	112
752	140
857	150
569	129
762	147
776	164
862	178
1013	206
1107	214
1084	223
895	179
787	141
898	177
542	95
419	76
355	66
168	30
258	47
290	53
502	118
535	121
629	136
564	112
861	151
1018	175
1089	182
1204	205
1369	235
1275	222
1164	211
819	158
934	169
758	143
660	124
521	97
478	86
438	80
367	70
305	59
189	38
0	0
100	16
139	23
236	43
481	86
574	108
810	160
1093	200
1140	206
977	181
830	164
513	100
314	60
215	36
110	17
12	8
154	26
472	85
1023	197
948	177
739	168
528	102
400	78
340	68
445	78
502	91
567	99
599	105
795	134
1029	169
1094	192
1271	200
1321	207
1499	230
1553	237
1632	245
1476	225
556	98
631	130
1657	285
1728	299
1877	323
2154	384
2788	399
3094	421
4054	507
4517	626
2574	390
3163	451
3394	477
1655	306
1688	310
1774	319
1710	321
1266	295
1335	302
1060	210
1136	222
1229	233
670	131
852	159
957	169
469	113
662	131
676	148
761	163
912	191
1006	198
983	207
794	164
686	126
797	161
441	79
318	60
255	50
68	14
157	31
190	37
402	102
434	106
528	120
664	130
962	170
1119	193
1189	201
1304	223
1469	253
1376	240
1265	229
920	176
1034	188
859	161
760	143
621	116
578	105
538	99
468	88
406	77
290	57
100	18
0	0
39	8
135	28
380	70
474	93
710	144
993	185
1039	191
877	165
729	148
413	84
214	44
115	21
10	1
97	18
255	45
573	104
1124	215
1048	196
839	186
629	121
501	97
240	52
345	62
402	75
467	83
499	89
694	118
928	153
994	176
1170	184
1220	191
1399	214
1452	221
1532	230
1375	210
456	82
731	149
1757	303
1828	317
1978	341
2254	402
2888	417
3194	439
4154	525
4618	645
2613	399
3202	459
3433	486
1694	314
1726	319
1812	327
1749	329
1305	303
1374	310
1099	219
1175	231
1268	242
709	139
891	167
996	177
430	105
623	124
637	140
722	155
873	183
967	190
944	199
755	156
647	118
758	153
402	72
279	52
216	42
29	6
118	23
151	30
363	94
395	98
489	112
703	139
1000	178
1158	202
1228	209
1343	231
1508	262
1414	249
1304	238
959	185
1073	196
898	170
799	151
660	124
617	113
577	107
507	96
444	86
329	65
139	27
39	8
0	0
96	20
341	62
435	85
671	136
954	177
1000	183
838	158
690	140
374	76
175	36
76	13
29	7
136	26
294	53
612	112
1162	223
1087	204
878	195
667	129
540	105
251	53
306	54
363	67
428	75
460	81
655	110
889	145
955	169
1131	176
1181	183
1360	206
1414	213
1493	222
1337	202
417	74
770	157
1796	311
1867	325
2017	349
2293	410
2927	426
3233	447
4193	533
4656	653
2633	399
3222	459
3453	485
1790	333
1823	338
1909	346
1769	329
1401	322
1471	329
1195	238
1272	249
1364	261
805	158
988	186
1093	196
322	82
515	100
635	113
721	127
872	155
966	162
907	175
659	136
551	98
662	134
295	48
172	28
108	19
85	21
174	38
206	44
380	83
412	87
506	101
723	138
1020	178
1178	202
1248	209
1363	231
1605	281
1511	268
1400	256
1055	204
1170	215
994	188
895	170
756	143
714	132
674	126
603	115
541	105
425	84
236	46
135	27
96	19
0	0
245	42
338	65
574	116
857	157
904	163
741	138
594	120
277	57
78	16
20	3
126	26
232	45
390	72
708	131
1361	227
1199	206
990	197
779	131
651	107
348	72
250	39
307	52
372	60
404	66
600	95
834	130
899	153
1076	161
1126	168
1304	191
1358	198
1438	207
1281	187
361	59
882	159
1892	330
1963	344
2113	368
2390	429
2947	425
3253	447
4213	533
4676	653
2721	409
3310	470
3541	496
2035	376
2068	381
2154	389
1858	340
1646	365
1716	372
1441	281
1517	293
1609	304
817	160
1233	229
1338	239
567	130
760	148
295	78
381	92
532	121
626	128
603	137
414	93
306	56
417	91
385	82
416	77
353	67
330	64
419	81
451	87
468	94
501	98
595	112
811	149
1109	189
1266	212
1337	220
1452	242
1846	285
1940	298
1645	300
1300	247
1415	258
1239	232
1140	213
1001	186
959	175
919	169
848	158
786	148
670	127
481	89
380	70
341	62
245	43
0	0
93	23
329	74
612	114
659	121
496	95
349	78
32	14
167	27
265	46
371	69
477	88
635	115
953	174
1606	270
1444	250
1235	240
1024	174
896	150
593	115
495	83
552	96
617	103
381	74
477	133
1079	173
729	136
856	162
868	161
1046	185
1100	191
1180	200
1023	180
606	102
1127	202
2137	373
2208	387
2358	411
2635	473
3035	436
3341	458
4301	544
4765	664
2867	417
3456	478
3687	504
2129	403
2161	407
2247	416
2004	348
1740	392
1809	399
1534	307
1610	319
1703	330
963	168
1326	256
1431	266
660	157
853	175
381	100
331	85
481	113
576	120
506	107
317	64
206	30
317	65
531	90
510	103
446	93
423	90
512	107
545	114
614	102
647	105
741	120
958	157
1255	196
1412	220
1483	228
1598	250
1992	293
2086	306
1738	326
1393	274
1508	285
1332	258
1234	240
1095	213
1052	202
1012	196
941	185
879	174
764	154
574	116
474	97
435	89
338	70
93	27
0	0
233	44
516	85
562	91
400	66
253	48
61	9
260	53
359	72
464	96
571	115
728	142
1047	201
1700	297
1537	276
1328	267
1118	201
990	177
686	142
589	109
646	122
711	130
429	72
380	104
616	146
633	107
759	132
771	132
950	155
1004	162
1083	170
927	150
700	129
1220	229
2231	400
2302	414
2452	438
2728	499
3181	444
3487	466
4447	552
4911	672
3080	449
3669	510
3900	536
2365	455
2397	460
2483	468
2217	380
1976	444
2045	451
1770	360
1846	371
1939	383
1177	200
1562	308
1667	318
896	209
1089	227
617	152
353	84
291	71
364	74
273	63
340	64
417	81
530	97
744	122
878	145
682	146
659	143
748	160
780	166
828	134
860	138
954	152
1171	189
1468	229
1625	253
1696	260
1811	282
2206	325
2299	339
2416	359
1629	326
1744	337
1568	311
1470	292
1331	265
1288	254
1248	248
1177	237
1115	227
1000	206
810	168
710	149
671	141
574	122
329	79
233	45
0	0
283	41
329	47
167	21
20	4
297	61
496	106
595	125
700	148
807	167
964	194
1282	253
1872	341
1710	320
1501	311
1290	245
1162	221
860	181
775	170
716	161
652	153
664	124
422	103
466	101
400	63
527	88
538	87
717	111
771	117
850	126
694	106
662	154
1393	273
2561	440
2632	454
2782	478
3058	539
3395	476
3701	498
4661	584
5124	704
3462	512
4051	573
4282	599
2647	508
2680	513
2766	521
2599	443
2259	497
2328	504
2053	413
2129	425
2222	436
1559	263
1845	361
1950	371
1179	262
1372	280
900	206
742	153
591	125
680	143
573	115
722	130
799	144
912	160
1126	185
1260	208
965	199
942	196
1031	213
1063	219
1210	197
1242	201
1336	215
1553	252
1850	291
2007	315
2078	323
2193	345
2588	388
2681	401
2798	422
1912	379
2027	390
1851	364
1753	345
1614	318
1571	307
1531	301
1460	291
1398	280
1282	259
1093	221
993	203
954	194
857	175
612	132
516	99
283	53
0	0
557	117
116	30
263	49
580	114
779	159
878	178
983	202
1090	220
1247	248
1565	307
2188	349
2026	328
1817	319
1606	253
1478	229
1176	189
1091	178
1032	169
968	161
946	176
740	126
506	90
337	67
264	59
276	58
454	81
508	88
588	96
431	77
978	162
1709	281
2877	447
2948	461
3098	485
3374	547
3777	539
4083	561
5043	647
5506	767
3410	514
3999	575
4230	601
2694	519
2727	524
2813	532
2547	445
2305	508
2374	515
2384	422
2460	434
2553	445
1506	264
2240	377
2345	387
1225	273
1418	291
946	217
1118	226
967	197
1056	215
949	188
1098	202
746	146
860	162
1073	187
1207	210
1011	210
988	207
1078	224
1110	230
1157	199
1189	202
1284	217
1500	254
1798	293
1955	317
2025	324
2141	347
2535	389
2629	403
2746	424
1959	390
2074	401
1898	375
1799	356
1660	330
1618	318
1577	312
1507	302
1445	291
1329	270
1140	232
1039	214
1000	205
904	186
659	143
562	110
329	64
557	114
0	0
162	41
310	60
626	125
826	170
924	189
1029	213
1136	231
1294	259
1612	318
2134	340
1972	319
1763	309
1552	244
1424	220
1122	179
1037	169
978	160
913	152
892	167
686	117
452	81
383	78
210	49
222	49
400	72
454	79
533	87
377	67
924	153
1654	272
2823	438
2894	452
3043	476
3320	537
3724	541
4030	563
4990	649
5454	768
3247	473
3836	533
4068	559
2532	478
2564	483
2650	491
2384	403
2143	467
2212	474
1937	383
2013	395
2106	406
1344	223
1729	331
1834	341
1063	232
1256	250
784	176
520	108
427	94
500	96
410	86
507	87
584	105
697	121
911	145
1045	169
849	169
826	166
915	183
948	189
995	158
1027	161
1121	175
1338	212
1635	252
1793	276
1863	283
1978	305
2373	348
2467	362
2583	383
1796	349
1911	360
1735	334
1637	315
1498	288
1455	277
1415	271
1344	261
1282	250
1167	229
977	191
877	173
838	164
741	145
496	102
400	69
167	23
116	19
162	25
0	0
147	19
464	84
663	129
762	148
867	171
974	190
1131	217
1449	276
1969	329
1806	308
1597	299
1387	233
1259	209
956	169
871	158
813	149
748	141
726	157
520	106
287	70
221	32
359	67
371	66
550	89
604	96
683	105
527	85
759	142
1489	261
2657	428
2728	442
2878	466
3154	527
3562	499
3868	521
4828	607
5291	727
3100	454
3689	515
3920	541
2384	460
2417	464
2503	473
2237	385
1995	449
2065	456
1790	364
1866	376
1958	387
1196	205
1582	313
1687	323
916	213
1109	232
636	157
373	89
280	75
353	78
262	68
359	68
437	86
550	102
764	127
897	150
702	150
679	147
768	164
800	170
847	139
880	142
974	157
1191	194
1488	233
1645	257
1716	265
1831	287
2225	330
2319	343
2436	364
1649	330
1764	342
1588	315
1489	297
1350	270
1308	259
1268	253
1197	242
1135	231
1019	211
830	172
729	154
690	146
594	127
349	84
253	50
20	5
263	36
310	43
147	17
0	0
317	66
516	110
614	129
720	153
827	172
984	199
1302	258
1892	346
1729	325
1521	316
1310	250
1182	226
880	186
795	175
736	166
671	158
684	129
441	107
446	97
380	59
507	84
519	83
697	107
751	113
831	122
674	102
682	159
1412	278
2581	444
2651	458
2801	482
3078	543
3415	481
3720	503
4680	589
5144	709
2745	423
3334	483
3565	509
2068	394
2100	399
2186	407
1882	353
1679	383
1748	390
1473	299
1549	310
1642	322
841	173
1265	247
1370	257
599	148
792	166
320	91
395	100
546	128
650	141
570	123
381	79
274	41
384	77
409	95
449	95
385	85
362	82
451	99
484	105
493	108
525	111
619	125
836	162
1133	202
1290	226
1361	233
1476	255
1870	298
1964	312
1677	317
1332	265
1447	276
1271	250
1173	231
1034	204
991	193
951	187
880	176
818	166
703	145
513	107
413	88
374	80
277	61
32	18
61	8
297	60
580	100
626	107
464	81
317	64
0	0
199	45
298	64
403	87
510	106
667	133
986	192
1639	288
1476	267
1267	258
1057	192
929	168
625	133
528	100
585	113
650	121
368	63
444	119
680	161
697	122
823	148
835	147
1014	170
1068	177
1147	186
991	166
639	120
1159	220
2170	391
2241	405
2391	429
2667	490
3060	449
3366	471
4325	557
4789	677
2710	420
3299	481
3530	507
1868	349
1901	354
1987	362
1847	351
1480	338
1549	345
1274	254
1350	266
1443	277
883	174
1066	202
1171	212
400	103
593	121
462	104
548	118
699	147
793	154
770	163
581	119
473	82
584	117
373	69
249	50
186	40
163	37
252	54
284	60
458	105
490	108
584	123
801	160
1098	199
1255	223
1326	230
1441	253
1683	297
1589	284
1478	273
1133	220
1248	231
1072	205
973	186
835	159
792	148
752	142
681	132
619	121
503	100
314	62
214	44
175	35
78	16
167	26
260	49
496	100
779	140
826	147
663	121
516	104
199	40
0	0
99	19
204	42
311	61
468	88
786	147
1440	243
1277	223
1068	213
857	148
730	123
426	88
329	56
386	69
450	77
548	101
678	112
912	147
896	163
1154	178
1204	184
1382	208
1436	214
1516	223
1359	203
440	75
960	175
1971	347
2041	361
2191	385
2468	446
3025	447
3331	469
4291	555
4754	675
2689	412
3278	473
3509	499
1770	327
1802	332
1888	340
1825	343
1381	316
1450	323
1175	232
1251	244
1344	255
785	152
967	180
1072	190
354	88
547	106
561	123
646	137
797	166
891	173
868	182
679	138
572	101
682	136
326	54
203	35
140	25
64	15
153	32
186	38
412	90
444	93
538	108
779	152
1076	191
1234	215
1304	223
1419	245
1584	275
1490	262
1380	251
1034	198
1149	209
974	183
875	164
736	137
693	126
653	120
583	110
520	99
405	78
215	40
115	22
76	13
20	3
265	45
359	68
595	119
878	159
924	166
762	140
614	123
298	59
99	19
0	0
105	21
212	39
370	66
688	125
1338	222
1176	201
967	191
756	126
628	102
326	61
227	34
284	47
349	55
381	61
577	90
810	125
876	148
1053	156
1102	163
1281	186
1335	193
1414	201
1258	181
338	54
858	154
2027	320
2097	334
2247	358
2524	419
3003	439
3309	461
4269	547
4732	667
2583	392
3172	452
3403	478
1664	307
1697	311
1783	320
1720	322
1276	296
1345	303
1070	211
1146	223
1239	234
679	132
862	160
967	170
459	112
652	130
666	147
752	162
902	190
997	197
974	206
784	162
677	125
787	160
432	78
309	59
245	49
58	13
148	30
180	36
392	101
425	105
519	119
674	131
971	171
1128	195
1199	202
1314	224
1479	255
1385	242
1274	230
929	178
1044	189
868	162
770	144
631	117
588	106
548	100
477	89
415	78
299	58
110	20
10	1
29	7
126	27
371	69
464	92
700	143
983	183
1029	190
867	164
720	147
403	83
204	43
105	20
0	0
107	19
264	46
582	105
1133	216
1058	197
849	188
638	122
510	98
220	42
335	61
392	74
457	82
489	88
685	117
918	152
984	175
1161	183
1210	190
1389	213
1443	220
1522	229
1366	209
446	81
741	150
1767	304
1838	318
1988	342
2264	403
2898	418
3204	440
4164	526
4627	646
2486	380
3075	441
3306	467
1567	296
1600	300
1686	309
1622	311
1178	285
1247	292
972	200
1048	212
1141	223
582	121
764	149
869	159
566	134
759	152
773	169
858	183
1009	212
1103	219
1080	228
891	184
784	146
894	182
538	100
415	81
352	71
165	35
254	52
287	58
499	123
531	126
626	141
576	120
874	160
1031	184
1101	191
1216	213
1381	244
1288	231
1177	219
832	167
946	178
771	151
672	133
533	106
490	95
450	89
380	78
318	67
202	47
12	9
97	21
136	29
232	48
477	91
571	114
807	165
1090	205
1136	212
974	186
827	169
510	105
311	65
212	42
107	22
0	0
167	35
485	94
1035	205
960	186
751	177
541	111
413	87
337	73
442	83
499	96
564	104
596	110
792	139
1025	174
1091	197
1268	205
1317	212
1496	235
1550	242
1629	250
1473	230
553	103
643	139
1669	293
1740	307
1890	331
2166	392
2800	407
3106	429
4066	515
4530	635
2317	337
2906	398
3137	424
1398	254
1431	258
1517	267
1454	268
1009	243
1078	250
803	158
879	170
972	181
413	77
595	106
701	116
837	132
1030	150
1150	163
1236	177
1387	205
1481	212
1422	225
1243	180
941	163
1052	199
696	117
573	98
509	88
323	52
412	69
444	75
657	140
689	143
783	158
407	77
705	116
862	140
932	148
1048	170
1212	202
1119	189
1008	177
663	125
778	136
602	109
503	91
364	64
322	53
281	47
211	36
149	25
33	5
154	22
255	38
294	46
390	65
635	108
728	130
964	182
1247	222
1294	229
1131	203
984	186
667	122
468	82
370	58
264	39
167	31
0	0
316	52
954	165
791	144
582	135
372	69
244	45
519	81
608	92
666	100
731	108
763	114
959	143
1193	178
1258	201
1435	209
1485	216
1663	239
1717	246
1797	254
1640	235
720	107
474	97
1500	251
1571	265
1721	289
1997	350
2631	364
2937	386
3897	472
4361	592
1798	295
2387	355
2618	381
1082	202
1115	207
1201	215
1313	230
693	191
763	198
487	107
563	118
656	130
729	144
911	172
1016	182
1153	198
1346	216
1466	229
1552	243
1703	272
1797	279
1738	291
1558	246
1259	228
1370	264
1014	182
891	162
827	152
641	117
730	133
762	140
975	205
1007	208
1101	222
723	143
1020	183
579	114
649	121
573	140
897	150
803	137
692	125
347	73
462	84
286	57
187	39
48	12
6	1
34	5
105	15
167	29
283	52
472	87
573	102
612	110
708	130
953	172
1047	195
1282	246
1565	287
1612	293
1449	268
1302	250
986	187
786	146
688	123
582	103
485	95
316	57
0	0
551	111
537	112
504	97
375	91
545	110
820	146
909	157
967	165
1032	173
1064	179
1260	208
1494	243
1559	266
1736	274
1786	281
1964	304
2018	311
2098	319
1941	300
1021	172
273	74
1184	199
1255	213
1405	237
1682	298
2113	321
2419	343
3379	429
3842	549
2703	420
2221	354
2452	380
1752	319
1784	324
1870	332
1983	347
1363	308
1432	315
1157	216
1233	227
1326	239
1367	243
1549	271
1654	281
1791	297
1984	315
2104	328
2190	342
2340	370
2435	378
2146	383
1957	339
1912	312
2023	347
1667	265
1544	246
1481	236
1279	217
1368	234
1400	240
1613	305
1645	308
1739	323
1361	242
1658	282
1248	223
1319	230
1434	252
1566	267
1472	254
1362	243
1016	190
1131	201
956	175
857	156
718	129
694	129
735	135
805	145
867	159
972	168
1110	187
1211	203
1250	211
1361	214
1606	256
1700	279
1872	320
2085	338
2134	353
1969	313
1892	324
1639	270
1440	230
1338	205
1233	196
1123	196
954	158
700	130
0	0
160	21
385	52
582	95
710	114
1009	152
1097	163
1156	171
1221	178
1253	184
1448	214
1682	249
1748	272
1924	280
1974	286
2153	310
2206	316
2286	325
2130	305
1210	177
480	78
689	98
759	113
909	137
1186	198
1946	289
2252	311
3212	397
3676	517
2541	399
2381	374
2612	400
1589	298
1622	302
1708	311
1820	326
1200	287
1270	294
995	194
1071	206
1163	217
1204	221
1387	249
1492	259
1628	275
1821	294
1942	307
2027	321
2178	349
2272	356
1983	362
1794	318
1750	290
1861	326
1505	244
1382	225
1318	215
1116	196
1205	213
1238	219
1450	284
1482	287
1577	302
1199	221
1496	260
1086	202
1156	209
1271	231
1404	246
1310	233
1199	221
854	169
969	180
793	153
694	135
555	108
532	108
572	114
642	124
705	138
809	147
948	166
1048	182
1087	189
1199	192
1444	235
1537	258
1710	298
1922	316
1972	332
1806	292
1729	303
1476	249
1277	209
1176	184
1070	175
960	175
791	137
537	109
160	20
0	0
222	30
420	74
547	93
846	130
935	141
993	149
1058	157
1090	163
1286	192
1520	227
1585	251
1762	258
1812	265
1990	288
2044	295
2124	304
1967	284
1047	156
317	57
848	119
919	133
1069	157
1345	218
2106	310
2412	331
3372	417
3835	537
1924	321
2512	381
2744	408
1207	228
1240	233
1326	241
1438	256
818	212
888	219
786	189
862	201
955	212
995	216
1178	244
1283	254
1420	270
1613	288
1733	301
1818	315
1969	344
2063	351
1774	356
1585	312
1541	285
1652	320
1296	239
1173	219
1109	209
907	190
997	207
1029	213
1241	278
1274	282
1368	296
990	215
1287	255
877	196
947	204
698	161
1022	176
928	163
817	151
472	99
587	110
411	84
315	61
456	96
498	115
539	120
609	130
671	144
600	142
739	160
839	176
878	184
990	187
1235	229
1328	252
1501	293
1713	311
1763	327
1597	286
1521	297
1267	243
1068	203
967	179
862	170
751	169
582	131
504	116
385	79
222	58
0	0
211	68
339	87
637	125
726	136
785	144
849	152
881	158
1077	187
1311	222
1376	245
1553	253
1603	259
1781	283
1835	289
1915	298
1758	278
839	150
108	51
1073	177
1144	191
1294	215
1570	276
2238	348
2544	369
3504	455
3967	575
2379	382
2803	450
3034	476
1427	282
1460	286
1546	295
1658	310
1038	270
1108	277
833	178
909	190
1001	201
785	148
967	176
1072	186
1209	202
1402	220
1522	233
1608	247
1758	275
1853	283
1564	288
1375	244
1330	217
1441	252
1085	170
962	151
898	141
697	122
786	139
818	145
1031	210
1063	214
1157	228
779	147
1076	187
924	185
994	193
1109	215
1242	229
1148	216
1037	205
692	152
807	164
631	137
532	119
393	92
370	92
410	98
568	105
505	94
390	73
528	92
629	108
667	116
779	119
1024	161
1118	184
1290	225
1503	243
1552	258
1387	218
1310	229
1057	175
857	135
756	111
651	101
541	101
372	63
375	93
582	96
420	75
211	66
0	0
128	19
427	57
515	68
574	76
639	84
671	89
866	119
1100	154
1166	177
1342	185
1392	191
1570	215
1624	221
1704	230
1547	210
628	82
102	28
1271	194
1342	208
1491	232
1768	293
2528	385
2834	407
3794	493
4258	613
2561	388
3150	449
3381	475
1627	303
1660	308
1746	316
1697	319
1238	292
1307	299
960	202
1036	214
1129	225
657	128
839	156
944	166
1081	183
1274	201
1394	214
1480	228
1630	256
1725	263
1436	269
1247	225
1202	198
1313	233
957	151
834	132
771	122
569	103
658	120
690	126
903	191
935	194
1029	209
651	128
948	167
1106	191
1176	199
1291	221
1441	251
1348	238
1237	227
892	174
1006	185
831	159
732	140
593	113
550	102
510	96
440	86
378	75
262	54
400	73
501	89
540	97
651	99
896	142
990	165
1162	206
1375	223
1424	239
1259	199
1182	210
929	156
730	116
628	91
523	82
413	82
244	44
545	101
710	120
547	99
339	90
128	24
0	0
299	38
387	48
446	56
511	64
543	70
738	100
972	134
1038	158
1214	165
1264	172
1443	195
1496	202
1576	211
1419	191
500	63
230	52
1399	219
1469	233
1619	257
1896	318
2875	415
3181	437
4141	523
4604	643
2836	428
3425	489
3656	515
1902	343
1935	348
2021	356
1973	359
1514	332
1583	339
1259	241
1335	253
1428	264
932	168
1115	197
1220	207
682	147
875	165
889	182
958	208
1109	236
1220	231
1133	230
944	187
900	159
1011	195
655	113
532	93
468	84
280	59
370	76
402	82
614	147
647	151
741	165
927	168
1224	207
1381	231
1452	239
1567	261
1717	291
1623	278
1512	267
1167	214
1282	225
1106	199
1008	180
869	153
826	142
786	136
715	126
653	115
537	94
340	70
240	51
251	53
349	61
594	104
687	126
860	167
1072	185
1122	201
956	160
880	171
626	118
427	78
326	53
220	42
337	69
519	84
820	141
1009	159
846	138
637	129
427	63
299	39
0	0
85	10
144	18
208	26
240	32
436	61
670	96
735	119
912	127
962	134
1140	157
1194	164
1274	173
1117	153
198	25
529	91
1697	258
1768	272
1918	296
2195	357
3151	455
3457	477
4416	563
4880	683
2925	440
3514	501
3745	527
1991	355
2024	360
2110	368
2061	371
1602	344
1672	351
1348	253
1424	265
1517	276
1021	180
1203	209
1308	218
584	123
777	141
791	158
876	173
1027	201
1121	208
1048	220
859	177
801	136
912	171
556	90
433	70
370	60
294	56
383	73
416	79
641	125
674	128
768	143
1015	180
1313	219
1470	243
1540	251
1655	273
1806	303
1712	290
1601	279
1256	226
1371	237
1195	211
1096	192
957	165
915	154
874	148
804	138
742	127
626	106
445	81
345	63
306	54
250	38
495	80
589	103
775	157
987	175
1037	191
871	150
795	161
528	94
329	54
227	30
335	61
442	80
608	96
909	153
1097	171
935	150
726	141
515	75
387	51
85	11
0	0
59	8
123	16
155	22
351	51
585	86
650	109
827	117
877	124
1055	147
1109	154
1189	162
1032	142
113	15
618	103
1786	270
1857	284
2007	308
2283	369
3239	467
3545	489
4505	575
4969	695
2983	449
3572	510
3803	536
2050	364
2082	369
2168	377
2120	379
1661	353
1730	360
1406	262
1482	274
1575	285
1079	189
1262	217
1367	227
641	141
834	159
848	176
814	190
965	218
1059	225
990	212
801	169
859	153
991	203
613	107
490	88
427	78
351	74
440	91
473	97
699	143
731	146
825	160
1074	189
1371	228
1528	252
1599	259
1714	282
1864	312
1770	299
1659	288
1314	235
1429	246
1253	220
1155	201
1016	174
973	163
933	157
862	146
800	136
685	115
502	99
402	80
363	72
307	55
552	98
646	120
716	149
929	167
978	183
813	142
736	153
585	112
386	72
284	47
371	81
499	98
666	105
967	162
1156	180
993	159
785	150
574	84
446	60
144	20
59	9
0	0
65	8
97	14
292	43
526	78
592	101
768	109
818	116
997	139
1051	146
1130	154
974	134
54	7
676	112
1845	278
1915	292
2065	316
2342	378
3298	476
3604	498
4564	584
5027	703
3048	457
3637	518
3868	544
2114	372
2147	377
2233	385
2185	388
1725	361
1795	368
1471	270
1547	282
1640	293
1144	197
1327	226
1432	235
706	149
899	167
913	184
749	182
900	210
994	217
925	204
736	161
923	162
927	195
678	115
555	96
492	86
416	82
505	99
537	105
763	151
796	154
890	169
1139	197
1436	236
1593	260
1664	268
1779	290
1929	320
1835	307
1724	296
1379	243
1494	254
1318	228
1219	209
1081	182
1038	171
998	165
927	155
865	144
749	123
567	107
467	88
428	80
372	64
617	106
711	129
652	141
864	159
913	175
748	134
671	145
650	120
450	80
349	55
436	89
564	106
731	113
1032	170
1221	188
1058	167
849	158
639	92
511	68
208	28
123	17
65	8
0	0
32	6
228	35
461	70
527	93
704	101
753	108
932	131
986	138
1065	146
909	127
11	1
741	120
1909	287
1980	301
2130	325
2406	386
3363	484
3668	506
4628	592
5092	712
3080	491
3669	552
3900	578
2146	406
2179	411
2265	419
2217	422
1758	395
1827	402
1503	304
1579	316
1672	327
1176	232
1359	260
1464	270
738	183
931	201
668	153
762	170
913	198
999	202
938	193
749	149
641	111
752	147
758	157
587	130
524	120
448	116
537	133
570	139
841	169
874	172
968	187
1171	231
1468	271
1625	294
1696	302
1811	324
1961	354
1867	341
1756	330
1411	277
1526	288
1350	262
1252	243
1113	216
1070	205
1030	199
959	189
897	178
781	157
599	141
499	123
460	114
404	98
381	79
429	79
664	130
947	170
892	196
726	155
684	134
368	70
548	106
381	90
468	124
596	140
763	147
1064	204
1253	222
1090	202
881	192
671	126
543	102
240	62
155	51
97	42
32	34
0	0
206	56
440	91
505	114
682	122
732	129
910	152
964	159
1044	167
887	147
43	35
773	154
1941	321
2012	335
2162	359
2439	420
3395	518
3701	540
4660	626
5124	746
3276	490
3865	551
4096	577
2342	405
2375	410
2461	418
2413	421
1953	394
2023	401
1699	303
1775	315
1868	326
1372	230
1554	258
1659	268
933	182
1126	200
764	184
519	129
670	157
764	164
695	152
506	108
590	114
696	142
906	148
783	129
719	119
644	115
733	132
765	138
994	179
1026	182
1120	197
1366	230
1664	269
1821	293
1891	301
2006	323
2157	353
2063	340
1952	329
1607	276
1722	287
1546	261
1447	242
1308	215
1266	204
1226	198
1155	188
1093	177
977	156
795	140
694	121
655	113
600	97
477	110
380	77
422	89
704	129
751	135
520	97
441	93
444	92
678	113
577	88
664	122
792	139
959	146
1260	203
1448	221
1286	200
1077	191
866	125
738	101
436	61
351	50
292	41
228	33
206	48
0	0
234	33
299	56
476	64
526	70
704	94
758	100
838	109
681	89
238	34
969	153
2137	320
2208	334
2358	358
2634	419
3590	517
3896	539
4856	625
5320	745
3510	528
4098	589
4330	615
2576	443
2608	448
2694	456
2646	459
2187	432
2256	439
1932	341
2009	353
2101	364
1606	268
1788	296
1893	306
1167	220
1360	238
1000	229
755	174
726	165
799	168
708	157
742	153
826	159
932	187
1140	186
1017	167
953	157
877	153
967	170
999	176
1230	224
1262	227
1357	242
1600	268
1897	307
2055	331
2125	338
2240	361
2390	391
2296	378
2186	367
1840	314
1955	325
1780	299
1681	280
1542	253
1499	242
1459	236
1389	226
1326	215
1211	194
1029	178
928	159
889	151
834	134
713	155
616	122
466	94
403	89
452	105
287	64
446	90
680	137
912	151
810	126
898	160
1025	177
1193	184
1494	241
1682	259
1520	238
1311	229
1100	163
972	139
670	99
585	88
526	79
461	71
440	86
234	36
0	0
66	23
242	31
292	38
471	61
524	68
604	76
447	56
472	72
1202	191
2371	357
2442	372
2591	396
2868	457
3824	555
4130	577
5090	663
5553	783
3480	521
4069	581
4300	608
2641	481
2674	486
2760	494
2617	451
2253	470
2322	477
1998	379
2074	391
2167	402
1576	271
1854	335
1959	344
1233	258
1426	276
1017	224
753	156
660	142
733	145
643	134
740	135
817	153
930	169
1144	194
1082	205
1019	195
943	191
1032	208
1065	214
1228	206
1260	209
1354	223
1571	261
1868	300
2025	324
2096	331
2211	353
2606	396
2362	416
2251	405
1906	352
2021	363
1845	337
1747	318
1608	291
1565	280
1525	274
1454	264
1392	253
1276	232
1094	216
994	197
955	189
899	173
729	150
633	117
400	71
337	66
383	72
221	41
380	67
697	132
896	177
876	164
963	198
1091	215
1258	222
1559	279
1748	297
1585	276
1376	267
1166	201
1038	177
735	137
650	126
592	117
527	109
505	124
299	74
66	38
0	0
195	48
244	54
423	78
477	84
556	93
400	73
538	110
1268	229
2436	396
2507	410
2657	434
2934	495
3795	548
4101	569
5061	655
5524	775
3752	559
4341	620
4572	646
2818	474
2851	479
2937	487
2888	490
2429	463
2499	470
2175	372
2251	384
2344	395
1848	300
2030	328
2135	338
1409	251
1602	269
1242	260
998	205
855	173
928	175
837	165
984	184
1068	190
1175	218
1382	217
1259	198
1195	188
1120	184
1209	201
1241	207
1472	255
1505	259
1599	273
1842	299
2140	339
2297	362
2367	370
2482	392
2633	422
2539	409
2428	398
2083	345
2198	356
2022	330
1923	311
1784	284
1742	273
1701	267
1631	257
1569	246
1453	225
1271	209
1170	191
1131	182
1076	166
955	187
859	153
595	102
264	85
210	74
416	72
575	97
923	169
1154	182
1053	158
1140	192
1268	208
1435	215
1736	272
1924	290
1762	270
1553	260
1342	194
1214	170
912	130
827	119
768	110
704	102
682	118
476	68
242	31
195	31
0	0
50	7
228	30
282	37
362	45
205	25
714	103
1445	222
2613	389
2684	403
2834	427
3110	488
4066	586
4372	608
5332	694
5796	814
3802	566
4391	627
4622	653
2868	481
2901	486
2986	494
2938	497
2479	470
2548	477
2225	379
2301	391
2393	402
1898	306
2080	335
2185	345
1459	258
1652	276
1155	252
891	184
798	171
871	173
781	163
878	164
955	181
1068	198
1432	224
1309	205
1245	195
1169	191
1259	208
1291	214
1366	234
1398	238
1493	252
1892	306
2189	345
2347	369
2417	377
2532	399
2682	429
2588	416
2478	405
2133	352
2247	363
2072	337
1973	318
1834	291
1791	280
1751	274
1681	264
1619	253
1503	232
1321	216
1220	198
1181	189
1126	173
868	179
771	145
538	100
276	60
222	48
371	77
519	95
835	161
1204	189
1102	165
1190	199
1317	215
1485	222
1786	279
1974	297
1812	276
1603	267
1392	201
1264	177
962	137
877	126
818	117
753	109
732	125
526	75
292	38
244	38
50	7
0	0
178	23
232	30
312	39
155	19
764	110
1494	229
2663	396
2734	410
2884	434
3160	495
4116	593
4422	615
5382	701
5845	821
3980	618
4569	678
4800	705
3046	533
3079	537
3165	546
3117	548
2657	522
2727	529
2403	431
2479	443
2572	454
2076	358
2259	386
2364	396
1638	310
1831	328
1334	304
1070	236
977	222
1050	225
960	214
1056	215
1134	233
1247	249
1610	276
1487	256
1423	246
1348	242
1437	259
1469	265
1545	286
1577	289
1671	304
2071	357
2368	397
2525	421
2596	428
2711	450
2861	481
2767	468
2656	456
2311	404
2426	415
2250	388
2151	370
2013	343
1970	332
1930	326
1859	315
1797	304
1681	284
1499	267
1399	249
1360	241
1304	224
1046	230
950	197
717	152
454	111
400	100
550	128
697	147
1014	213
1382	241
1281	216
1368	250
1496	267
1663	274
1964	331
2153	349
1990	328
1781	318
1570	253
1443	229
1140	188
1055	178
997	169
932	161
910	176
704	126
471	90
423	89
228	58
178	51
0	0
70	34
150	43
23	32
943	162
1673	281
2841	447
2912	461
3062	485
3338	546
4294	644
4600	666
5560	752
6024	872
4034	625
4623	686
4854	712
3100	540
3133	545
3219	553
3171	556
2711	529
2781	536
2457	438
2533	450
2626	461
2130	365
2312	394
2418	403
1691	317
1884	335
1387	311
1124	243
1031	230
1104	232
1013	222
1110	223
1188	240
1301	256
1664	283
1541	264
1477	254
1402	250
1491	267
1523	273
1598	293
1631	297
1725	311
2124	365
2422	404
2579	428
2649	436
2765	458
2915	488
2821	475
2710	464
2365	411
2480	422
2304	396
2205	377
2066	350
2024	339
1984	333
1913	323
1851	312
1735	291
1553	275
1452	256
1414	248
1358	232
1100	238
1004	204
771	159
508	119
454	107
604	136
751	154
1068	220
1436	248
1335	223
1422	257
1550	274
1717	281
2018	338
2206	356
2044	335
1835	326
1624	260
1496	236
1194	196
1109	185
1051	176
986	168
964	183
758	133
524	97
477	97
282	66
232	59
70	57
0	0
99	37
77	40
997	169
1727	288
2895	455
2966	469
3116	493
3392	554
4348	652
4654	674
5614	760
6078	880
4113	635
4702	695
4934	721
3180	550
3212	554
3298	563
3250	565
2791	539
2860	546
2536	448
2612	460
2705	471
2210	375
2392	403
2497	413
1771	326
1964	345
1467	321
1203	253
1110	239
1183	242
1093	231
1190	232
1267	250
1380	266
1744	293
1621	273
1557	263
1481	259
1571	276
1603	282
1678	303
1710	306
1804	321
2204	374
2501	414
2659	438
2729	445
2844	467
2994	497
2900	485
2790	473
2444	420
2559	432
2384	405
2285	387
2146	360
2103	349
2063	343
1993	332
1930	321
1815	301
1632	284
1532	266
1493	257
1438	241
1180	247
1083	214
850	168
588	128
533	117
683	145
831	164
1147	229
1516	257
1414	233
1502	267
1629	283
1797	291
2098	348
2286	366
2124	345
1915	335
1704	270
1576	245
1274	205
1189	194
1130	186
1065	177
1044	193
838	143
604	107
556	106
362	75
312	68
150	67
99	60
0	0
157	49
1076	179
1806	298
2975	464
3045	478
3195	502
3472	563
4428	661
4734	683
5694	769
6157	889
3957	586
4546	646
4777	672
3023	501
3056	505
3142	514
3094	516
2634	490
2704	497
2380	399
2456	411
2549	422
2053	326
2235	354
2341	364
1614	277
1807	296
1310	272
1047	204
954	190
1027	193
936	182
1033	183
1111	201
1224	217
1587	244
1464	224
1400	214
1325	210
1414	227
1446	233
1522	254
1554	257
1648	272
2047	325
2345	365
2502	389
2573	396
2688	418
2838	448
2744	436
2633	424
2288	371
2403	383
2227	356
2128	338
1989	311
1947	300
1907	294
1836	283
1774	272
1658	252
1476	235
1375	217
1337	208
1281	192
1023	198
927	165
694	119
431	79
377	68
527	96
674	115
991	180
1359	208
1258	184
1345	218
1473	234
1640	242
1941	299
2130	317
1967	296
1758	286
1547	221
1419	196
1117	156
1032	145
974	137
909	128
887	144
681	94
447	58
400	57
205	26
155	19
23	5
77	11
157	20
0	0
920	130
1650	249
2818	415
2889	429
3039	453
3315	514
4271	612
4577	634
5537	720
6001	840
3037	456
3626	517
3857	543
2104	371
2136	376
2222	384
2174	386
1715	360
1784	367
1460	269
1536	281
1629	292
1133	196
1316	224
1421	234
695	148
888	166
902	183
760	183
911	211
1005	218
936	206
747	162
913	160
937	196
668	114
544	95
481	85
405	81
494	97
527	104
753	150
785	153
879	167
1128	196
1425	235
1582	259
1653	266
1768	288
1918	319
1824	306
1713	294
1368	242
1483	253
1307	227
1209	208
1070	181
1027	170
987	164
916	153
854	143
739	122
556	106
456	87
417	79
361	62
606	105
700	127
662	142
875	160
924	176
759	135
682	146
639	119
440	79
338	54
425	88
553	105
720	112
1021	169
1210	187
1047	166
839	157
628	91
500	67
198	27
113	16
54	7
11	1
43	7
238	36
472	71
538	94
714	102
764	109
943	132
997	139
1076	148
920	128
0	0
730	119
1899	285
1969	299
2119	323
2396	385
3352	483
3658	504
4618	591
5081	710
2276	355
2701	422
2932	448
1325	254
1357	258
1443	267
1556	282
936	243
1005	250
730	150
806	162
899	173
887	165
1069	193
1175	203
1311	219
1504	237
1624	250
1710	264
1861	293
1955	300
1666	305
1477	262
1433	234
1543	269
1188	188
1065	168
1001	158
799	139
888	156
921	162
1133	227
1165	231
1259	245
882	164
1179	204
821	158
892	165
1007	187
1139	202
1045	189
935	177
589	125
704	136
529	109
430	91
291	64
267	64
307	70
378	80
440	94
492	91
631	110
731	125
770	133
882	136
1127	178
1220	201
1393	242
1605	260
1654	276
1489	235
1412	246
1159	193
960	152
858	128
753	119
643	118
474	81
273	65
480	68
317	47
108	38
102	17
230	36
529	74
618	85
676	93
741	101
773	107
969	136
1202	171
1268	194
1445	202
1494	209
1673	232
1727	239
1806	247
1650	227
730	100
0	0
1168	167
1239	181
1389	205
1665	266
2426	358
2732	379
3692	465
4155	585
1665	308
1532	256
1763	282
1589	259
1622	264
1708	272
1820	288
1919	298
1989	305
1641	287
1717	299
1810	310
2055	339
2238	367
2343	377
2480	393
2673	411
2793	424
2878	438
3029	467
3123	474
2834	479
2645	435
2601	408
2712	443
2356	361
2233	342
2169	332
1967	313
2057	330
2089	336
2301	401
2334	405
2428	419
2050	338
2347	378
1557	289
1628	297
1378	248
1404	207
1310	194
1199	183
854	130
723	107
898	132
995	147
1136	178
1179	197
1219	203
1289	213
1352	227
1467	250
1799	283
1899	299
1938	307
2050	310
2295	352
2388	375
2561	416
2773	434
2823	449
2657	409
2581	420
2327	366
2128	326
2027	302
1922	292
1811	292
1642	254
1184	198
689	96
848	117
1073	148
1271	191
1399	210
1697	248
1786	259
1845	267
1909	275
1941	280
2137	310
2371	345
2436	368
2613	376
2663	382
2841	406
2895	412
2975	421
2818	401
1899	273
1168	174
0	0
71	14
221	38
497	99
1258	191
1564	213
2523	299
2987	419
1608	301
1475	249
1706	275
1660	277
1692	282
1778	290
1891	306
1990	316
2059	323
1712	305
1788	317
1881	328
2126	357
2309	385
2414	395
2550	411
2743	429
2864	442
2949	456
3100	485
3194	492
2905	497
2716	454
2672	426
2783	462
2427	380
2304	360
2240	350
2038	331
2127	348
2160	355
2372	419
2404	423
2498	437
2121	356
2418	396
1628	307
1698	315
1449	266
1474	225
1380	212
1270	201
925	148
793	125
969	150
1066	165
1207	197
1250	216
1290	221
1360	231
1422	245
1538	269
1870	302
1970	317
2009	325
2121	328
2366	370
2459	393
2632	434
2844	452
2894	468
2728	427
2651	438
2398	385
2199	344
2097	320
1992	311
1882	310
1713	273
1255	216
759	114
919	135
1144	166
1342	209
1469	229
1768	266
1857	277
1915	285
1980	293
2012	299
2208	328
2442	363
2507	386
2684	394
2734	401
2912	424
2966	431
3045	439
2889	419
1969	292
1239	192
71	18
0	0
164	31
440	92
1201	184
1506	206
2466	292
2930	412
1444	270
1311	218
1543	244
1810	300
1842	304
1928	313
2041	328
2140	338
2209	345
1862	327
1938	339
2031	350
2276	379
2459	407
2564	417
2700	433
2893	451
3013	464
3099	479
3250	507
3344	514
3055	519
2866	476
2822	448
2933	484
2577	402
2454	382
2390	372
2188	354
2277	371
2310	377
2522	442
2554	445
2648	459
2271	379
2568	418
1778	330
1848	337
1599	288
1624	247
1530	234
1420	223
1074	170
943	147
1119	172
1216	188
1357	219
1399	238
1440	243
1510	253
1572	267
1688	291
2020	324
2120	339
2159	347
2271	350
2516	393
2609	415
2782	456
2994	474
3043	490
2878	449
2801	460
2548	407
2349	367
2247	342
2142	333
2032	332
1863	295
1405	239
909	136
1069	157
1294	188
1491	231
1619	251
1918	288
2007	299
2065	307
2130	315
2162	321
2358	350
2591	385
2657	408
2834	416
2884	423
3062	446
3116	453
3195	461
3039	441
2119	314
1389	214
221	40
164	37
0	0
276	61
1037	153
1343	175
2303	261
2766	381
1168	209
1035	156
1266	183
1564	213
1597	217
1683	226
1796	241
1895	251
1964	258
2168	288
2244	300
2337	311
2436	330
2619	352
2724	361
2861	378
3054	396
3174	409
3259	423
3410	451
3504	458
3446	471
3266	426
3540	508
3651	544
2861	397
2984	416
3047	426
3163	470
3252	487
3285	493
3497	558
3529	561
3624	575
3042	517
3339	556
2691	465
2762	472
2006	290
1422	207
1516	221
1633	242
1972	290
2103	318
2033	307
2129	323
2270	354
2313	373
2353	378
2424	388
2486	402
2871	425
2995	440
3095	456
3134	463
3156	442
3242	458
3328	475
3606	490
3889	531
3935	537
3773	512
3625	494
3267	467
3233	459
3187	458
3105	457
3007	448
2838	412
2319	374
2192	345
2352	366
2444	385
2774	440
3082	462
3358	498
3446	509
3505	517
3570	525
3615	527
3772	555
4031	595
4006	553
4132	579
4144	578
4323	601
4376	608
4456	616
4300	596
3559	524
2672	423
2826	433
2896	447
3046	471
0	0
761	92
1066	114
2026	200
2490	320
4054	538
3922	486
4153	512
4451	542
4484	547
4570	555
4682	570
4781	581
4851	588
5054	618
5130	629
5223	641
5323	660
5506	681
5611	691
5747	707
5940	725
6061	738
6146	752
6297	781
6391	788
6333	800
6153	755
6427	837
6538	873
5747	726
5870	745
5934	755
6050	799
6139	816
6171	822
6384	887
6416	890
6510	905
5929	846
6226	885
5578	794
5649	801
4892	619
4309	536
4403	550
4519	571
4859	620
4990	647
4919	637
5016	652
5157	683
5200	702
5240	708
5310	717
5373	732
5488	755
5881	769
5982	785
6021	793
6042	772
6129	787
6214	804
6492	819
6775	860
6822	866
6659	841
6512	824
6153	796
6120	789
6074	787
5991	786
5894	778
5725	741
5205	703
5016	647
5176	668
5401	699
5598	742
5726	761
6025	799
6114	810
6172	818
6237	826
6269	831
6465	861
6698	896
6892	882
7019	908
7031	907
7209	930
7263	937
7343	946
7186	926
6226	824
5496	725
4328	551
4271	547
4107	511
4128	537
0	0
300	29
1273	117
1737	237
3755	508
3622	456
3853	482
4151	512
4184	517
4270	525
4382	541
4482	551
4551	558
4755	588
4831	600
4924	611
5023	630
5206	651
5311	661
5448	677
5641	695
5761	708
5846	722
5997	751
6091	758
6033	770
5853	725
6127	808
6238	843
5448	696
5571	716
5634	726
5750	769
5839	786
5872	792
6084	857
6116	861
6211	875
5629	816
5926	856
5278	764
5349	772
4593	589
4009	507
4103	520
4220	541
4559	590
4690	618
4620	607
4716	622
4857	653
4900	672
4940	678
5011	688
5073	702
5189	725
5582	739
5682	755
5721	763
5743	742
5829	757
5915	775
6193	790
6476	830
6522	837
6360	811
6212	794
5854	766
5820	759
5774	758
5692	756
5594	748
5425	711
4906	673
4717	617
4876	638
5101	669
5299	712
5427	732
5725	769
5814	780
5873	788
5937	796
5969	802
6165	831
6399	866
6593	852
6719	878
6731	877
6910	901
6963	907
7043	916
6887	896
5927	795
5196	695
4028	521
3971	517
3807	481
3828	507
4589	599
0	0
974	87
1437	207
2781	422
2648	369
2880	395
3178	425
3211	430
3296	438
3409	454
3508	464
3577	471
3781	501
3857	513
3950	524
4049	543
4232	564
4337	574
4474	590
4667	608
4787	621
4873	636
5024	664
5118	671
5059	683
4879	638
5154	721
5265	756
4474	609
4597	629
4661	639
4777	682
4866	699
4898	705
5111	770
5143	774
5237	788
4655	729
4953	769
4305	677
4375	685
3619	502
3036	420
3129	433
3246	454
3585	503
3716	531
3646	520
3743	535
3884	566
3926	585
3967	591
4037	601
4099	615
4215	638
4608	652
4709	668
4747	676
4769	655
4856	670
4941	688
5219	703
5502	743
5549	750
5386	724
5239	707
4880	679
4847	672
4800	671
4718	669
4621	661
4452	624
3932	586
3743	530
3903	551
4128	582
4325	625
4453	645
4752	682
4840	693
4899	701
4964	709
4996	715
5191	744
5425	779
5619	765
5746	791
5758	790
5936	814
5990	820
6069	829
5913	809
4953	708
4223	608
3054	434
2997	430
2834	394
2855	420
3615	512
3921	534
0	0
464	120
2318	302
2185	249
2416	275
2714	305
2747	310
2833	318
2945	334
3044	344
3114	351
3317	381
3393	393
3486	404
3586	423
3769	444
3874	454
4011	470
4204	488
4324	501
4409	516
4560	544
4654	551
4596	563
4416	518
4690	601
4801	636
4010	489
4133	509
4197	519
4313	562
4402	579
4435	586
4647	650
4679	654
4773	668
4192	609
4489	649
3841	557
3912	565
3156	382
2572	300
2666	313
2783	334
3122	383
3253	411
3183	400
3279	415
3420	446
3463	465
3503	471
3574	481
3636	495
4021	517
4145	533
4245	548
4284	556
4305	535
4392	550
4478	568
4756	583
5039	623
5085	630
4923	604
4775	587
4417	559
4383	552
4337	551
4255	549
4157	541
3988	504
3469	466
3280	410
3439	431
3664	462
3862	505
3990	525
4288	562
4377	573
4435	581
4500	589
4532	595
4728	624
4962	659
5156	646
5282	671
5294	670
5472	694
5526	700
5606	709
5449	689
4489	588
3759	488
2591	314
2534	311
2370	274
2391	300
3152	392
3458	414
998	122
0	0